1 0.15807291666666667 0.16898148148148148 0.0390625 0.05277777777777778
1 0.29192708333333334 0.7587962962962963 0.06510416666666667 0.08796296296296297
1 0.5315104166666667 0.6449074074074075 0.33177083333333335 0.5046296296296297
1 0.60078125 0.9375 0.18385416666666665 0.08796296296296297
1 0.77421875 0.9050925925925927 0.1140625 0.15462962962962964
1 0.9406249999999999 0.8597222222222223 0.09583333333333333 0.1638888888888889
1 0.81796875 0.7388888888888889 0.14010416666666667 0.17962962962962964
1 0.7421875 0.562962962962963 0.06145833333333333 0.07592592592592592
1 0.19192708333333333 0.5171296296296296 0.0140625 0.06759259259259259
1 0.2911458333333333 0.938425925925926 0.03125 0.036111111111111115
1 0.34921875 0.8365740740740741 0.0265625 0.08055555555555556
1 0.24322916666666666 0.774537037037037 0.036458333333333336 0.04351851851851852
1 0.18802083333333333 0.8337962962962964 0.026041666666666668 0.049074074074074076
1 0.34739583333333335 0.3337962962962963 0.015625 0.04722222222222222
