1 0.1171875 0.09074074074074075 0.026041666666666668 0.04814814814814815
1 0.21119791666666665 0.6638888888888889 0.04114583333333333 0.06296296296296297
1 0.15989583333333332 0.7222222222222222 0.020833333333333332 0.031481481481481485
1 0.259375 0.825925925925926 0.040625 0.05
1 0.30833333333333335 0.7486111111111111 0.025 0.05462962962962963
1 0.43203125 0.7287037037037037 0.2015625 0.22962962962962963
1 0.4661458333333333 0.4486111111111111 0.35520833333333335 0.33425925925925926
1 0.6091145833333333 0.6717592592592593 0.12864583333333332 0.11203703703703705
1 0.8039062499999999 0.6949074074074074 0.07135416666666666 0.06944444444444445
1 0.68359375 0.8671296296296297 0.11510416666666666 0.2657407407407408
1 0.5859375 0.8356481481481481 0.046875 0.0787037037037037
1 0.5020833333333333 0.9550925925925926 0.03333333333333333 0.049074074074074076
1 0.42526041666666664 0.962037037037037 0.04010416666666666 0.06851851851851852
1 0.9658854166666666 0.8912037037037037 0.058854166666666666 0.2175925925925926
1 0.8565104166666666 0.8916666666666667 0.09114583333333333 0.13518518518518519
1 0.8541666666666666 0.7944444444444445 0.03854166666666667 0.04259259259259259
1 0.71875 0.6435185185185185 0.08541666666666667 0.15185185185185185
