1 0.17838541666666666 0.06342592592592593 0.03177083333333333 0.036111111111111115
1 0.24635416666666665 0.7356481481481482 0.052083333333333336 0.075
1 0.20182291666666666 0.8597222222222223 0.0703125 0.0712962962962963
1 0.2934895833333333 0.7421296296296297 0.0359375 0.062037037037037036
1 0.45286458333333335 0.750462962962963 0.17447916666666666 0.18425925925925926
1 0.5174479166666667 0.4949074074074074 0.3619791666666667 0.33796296296296297
1 0.5981770833333333 0.8990740740740741 0.16927083333333334 0.2
1 0.6997395833333333 0.7810185185185186 0.1703125 0.1953703703703704
1 0.7908854166666667 0.9444444444444445 0.1046875 0.11111111111111112
1 0.9515625 0.8430555555555556 0.09479166666666666 0.09722222222222222
1 0.8442708333333333 0.7925925925925926 0.09479166666666666 0.1685185185185185
1 0.30885416666666665 0.6032407407407407 0.052083333333333336 0.05462962962962963
1 0.34010416666666665 0.8430555555555556 0.026041666666666668 0.08796296296296297
