1 0.07213541666666666 0.055092592592592596 0.030729166666666665 0.032407407407407406
1 0.159375 0.6981481481481482 0.036458333333333336 0.07222222222222223
1 0.26276041666666666 0.7893518518518519 0.025520833333333333 0.06944444444444445
1 0.28541666666666665 0.4842592592592593 0.06666666666666667 0.08148148148148149
1 0.4192708333333333 0.6925925925925926 0.234375 0.4222222222222222
1 0.45625 0.40370370370370373 0.2520833333333333 0.15555555555555556
1 0.6143229166666666 0.638888888888889 0.1328125 0.26481481481481484
1 0.6979166666666666 0.8842592592592593 0.1125 0.22037037037037038
1 0.8463541666666666 0.737037037037037 0.0875 0.07407407407407407
1 0.7434895833333334 0.7018518518518518 0.08802083333333333 0.1388888888888889
1 0.9338541666666667 0.9101851851851852 0.08541666666666667 0.17962962962962964
1 0.5934895833333333 0.9032407407407408 0.057812499999999996 0.09537037037037037
