1 0.3684895833333333 0.8555555555555556 0.0734375 0.13518518518518519
1 0.1859375 0.8074074074074075 0.078125 0.0925925925925926
1 0.09010416666666667 0.5750000000000001 0.02395833333333333 0.044444444444444446
1 0.0049479166666666664 0.625462962962963 0.008854166666666666 0.03981481481481482
1 0.44296874999999997 0.5212962962962964 0.011979166666666666 0.020370370370370372
1 0.5966145833333333 0.5569444444444445 0.008854166666666666 0.015740740740740743
1 0.11432291666666666 0.7643518518518518 0.03177083333333333 0.036111111111111115
1 0.15520833333333334 0.7050925925925926 0.007291666666666667 0.026851851851851852
1 0.26588541666666665 0.6439814814814815 0.013020833333333334 0.03981481481481482
1 0.259375 0.9462962962962963 0.03333333333333333 0.0462962962962963
1 0.10546875 0.3990740740740741 0.0265625 0.03333333333333333
1 0.054427083333333334 0.5023148148148149 0.019270833333333334 0.021296296296296296
1 0.009375 0.300462962962963 0.016666666666666666 0.04166666666666667
1 0.2421875 0.26342592592592595 0.015625 0.030555555555555558
1 0.39609375 0.4615740740740741 0.024479166666666666 0.02314814814814815
1 0.12552083333333333 0.5847222222222223 0.013541666666666667 0.019444444444444445
1 0.2869791666666667 0.22268518518518518 0.058333333333333334 0.032407407407407406
0 0.053125 0.2740740740740741 0.009375 0.014814814814814815
