1 0.4640625 0.1800925925925926 0.016666666666666666 0.028703703703703703
1 0.34322916666666664 0.5546296296296297 0.05416666666666667 0.0462962962962963
1 0.16223958333333333 0.46620370370370373 0.021354166666666667 0.025
1 0.7682291666666666 0.9333333333333333 0.05 0.0962962962962963
1 0.39010416666666664 0.7842592592592593 0.025 0.05
1 0.328125 0.4527777777777778 0.016666666666666666 0.031481481481481485
1 0.39036458333333335 0.5439814814814815 0.022395833333333334 0.05462962962962963
1 0.55703125 0.712037037037037 0.018229166666666668 0.044444444444444446
1 0.35520833333333335 0.5125000000000001 0.01875 0.025
1 0.4127604166666667 0.4981481481481482 0.0109375 0.020370370370370372
