1 0.13854166666666667 0.6925925925925926 0.125 0.13703703703703704
1 0.08515625 0.8967592592592593 0.10677083333333333 0.0787037037037037
1 0.18463541666666666 0.9342592592592593 0.0453125 0.10740740740740741
1 0.24635416666666665 0.8055555555555556 0.035416666666666666 0.0962962962962963
1 0.3484375 0.6657407407407407 0.26145833333333335 0.2
1 0.50546875 0.8828703703703704 0.3411458333333333 0.23425925925925928
1 0.7723958333333333 0.8870370370370371 0.12604166666666666 0.22592592592592595
1 0.9145833333333333 0.6990740740740741 0.10729166666666666 0.11666666666666667
1 0.98046875 0.8472222222222222 0.0390625 0.06296296296296297
1 0.8588541666666667 0.5087962962962963 0.084375 0.10092592592592593
1 0.5716145833333334 0.5606481481481481 0.12760416666666666 0.31574074074074077
1 0.3841145833333333 0.47175925925925927 0.23072916666666665 0.2212962962962963
1 0.25494791666666666 0.27870370370370373 0.1359375 0.29444444444444445
1 0.46171875 0.20833333333333334 0.2203125 0.2962962962962963
1 0.6669270833333333 0.34444444444444444 0.05572916666666666 0.07222222222222223
1 0.69453125 0.7064814814814815 0.0984375 0.0925925925925926
1 0.8002604166666667 0.6907407407407408 0.0921875 0.1574074074074074
1 0.18932291666666667 0.4847222222222222 0.12760416666666666 0.08611111111111111
1 0.0953125 0.31157407407407406 0.04583333333333333 0.06018518518518519
