1 0.96953125 0.4708333333333333 0.0234375 0.03425925925925926
1 0.2635416666666667 0.48194444444444445 0.071875 0.08240740740740742
1 0.3776041666666667 0.8662037037037037 0.07291666666666667 0.11388888888888889
1 0.45416666666666666 0.3601851851851852 0.00625 0.009259259259259259
1 0.4713541666666667 0.42129629629629634 0.007291666666666667 0.009259259259259259
1 0.48932291666666666 0.45046296296296295 0.0109375 0.017592592592592594
1 0.18828125 0.2884259259259259 0.009895833333333333 0.010185185185185186
1 0.13359375 0.29814814814814816 0.018229166666666668 0.011111111111111112
1 0.43671875 0.6351851851851852 0.013020833333333334 0.016666666666666666
1 0.3734375 0.7037037037037037 0.017708333333333333 0.0462962962962963
1 0.31197916666666664 0.5240740740740741 0.017708333333333333 0.016666666666666666
1 0.43072916666666666 0.47222222222222227 0.021875 0.016666666666666666
1 0.42890625 0.5523148148148148 0.013020833333333334 0.01388888888888889
1 0.3802083333333333 0.5125000000000001 0.00625 0.026851851851851852
1 0.41744791666666664 0.5185185185185185 0.0078125 0.007407407407407408
1 0.3640625 0.9819444444444445 0.011458333333333333 0.036111111111111115
