1 0.34479166666666666 0.8648148148148148 0.016666666666666666 0.02777777777777778
1 0.13098958333333333 0.7166666666666667 0.07239583333333333 0.10925925925925926
1 0.019791666666666666 0.6967592592592593 0.025 0.03981481481481482
1 0.054427083333333334 0.8569444444444445 0.0421875 0.049074074074074076
1 0.2981770833333333 0.5916666666666667 0.028645833333333332 0.040740740740740744
1 0.5440104166666666 0.9601851851851853 0.06510416666666667 0.07962962962962963
1 0.8739583333333333 0.8782407407407408 0.026041666666666668 0.05277777777777778
1 0.4942708333333333 0.8578703703703704 0.071875 0.09166666666666667
1 0.3265625 0.7430555555555556 0.026041666666666668 0.05277777777777778
1 0.19947916666666665 0.5296296296296297 0.013541666666666667 0.03333333333333333
1 0.20260416666666667 0.663425925925926 0.02395833333333333 0.036111111111111115
1 0.11510416666666666 0.8833333333333334 0.052083333333333336 0.1388888888888889
1 0.6700520833333333 0.5583333333333333 0.021354166666666667 0.044444444444444446
1 0.4864583333333333 0.4199074074074074 0.029166666666666667 0.05462962962962963
1 0.3815104166666667 0.8912037037037037 0.021354166666666667 0.03425925925925926
1 0.6640625 0.8842592592592593 0.035416666666666666 0.04814814814814815
1 0.75234375 0.9009259259259259 0.06510416666666667 0.12407407407407407
1 0.6723958333333333 0.7495370370370371 0.009375 0.015740740740740743
1 0.9 0.9523148148148148 0.041666666666666664 0.062037037037037036
1 0.7411458333333333 0.4412037037037037 0.015625 0.019444444444444445
1 0.9505208333333334 0.8773148148148149 0.020833333333333332 0.019444444444444445
1 0.4046875 0.7472222222222222 0.013541666666666667 0.02592592592592593
1 0.5067708333333333 0.35324074074074074 0.021875 0.04537037037037037
1 0.5919270833333333 0.41064814814814815 0.0109375 0.019444444444444445
1 0.6057291666666667 0.3277777777777778 0.025 0.037037037037037035
1 0.52578125 0.28101851851851856 0.0109375 0.012037037037037037
1 0.42473958333333334 0.23240740740740742 0.022395833333333334 0.031481481481481485
1 0.4005208333333333 0.1685185185185185 0.009375 0.009259259259259259
1 0.46171875 0.22175925925925927 0.0067708333333333336 0.01388888888888889
1 0.44817708333333334 0.1675925925925926 0.0078125 0.011111111111111112
1 0.45260416666666664 0.13425925925925927 0.005208333333333333 0.007407407407407408
