1 0.5432291666666667 0.7643518518518518 0.0375 0.13611111111111113
1 0.6776041666666667 0.6550925925925927 0.04375 0.036111111111111115
1 0.08411458333333333 0.47870370370370374 0.04739583333333333 0.02962962962962963
1 0.26171875 0.36944444444444446 0.19427083333333334 0.10555555555555556
1 0.2203125 0.2814814814814815 0.02395833333333333 0.02592592592592593
1 0.09557291666666666 0.40972222222222227 0.04635416666666667 0.03425925925925926
1 0.6471354166666666 0.7662037037037037 0.0390625 0.03981481481481482
1 0.4966145833333333 0.15925925925925927 0.04114583333333333 0.02962962962962963
1 0.7643229166666666 0.8189814814814815 0.08385416666666666 0.08981481481481482
1 0.8354166666666667 0.9 0.04375 0.05
1 0.8140625 0.5842592592592593 0.036458333333333336 0.02962962962962963
1 0.7216145833333333 0.4398148148148148 0.0484375 0.04814814814814815
1 0.6760416666666667 0.47175925925925927 0.03125 0.032407407407407406
1 0.63515625 0.5041666666666667 0.022395833333333334 0.021296296296296296
1 0.3888020833333333 0.4199074074074074 0.06302083333333333 0.0638888888888889
1 0.48541666666666666 0.38333333333333336 0.1375 0.061111111111111116
1 0.41510416666666666 0.19675925925925927 0.036458333333333336 0.03796296296296296
1 0.3338541666666667 0.22592592592592595 0.042708333333333334 0.014814814814814815
1 0.8919270833333334 0.7902777777777779 0.05364583333333333 0.06759259259259259
1 0.7770833333333333 0.4537037037037037 0.08125 0.11851851851851852
1 0.628125 0.33333333333333337 0.016666666666666666 0.012962962962962964
1 0.7403645833333333 0.3560185185185185 0.03697916666666667 0.03425925925925926
1 0.8760416666666666 0.625462962962963 0.013541666666666667 0.030555555555555558
1 0.9330729166666667 0.5949074074074074 0.0546875 0.058333333333333334
1 0.9388020833333334 0.663425925925926 0.011979166666666666 0.019444444444444445
1 0.825 0.6800925925925926 0.014583333333333334 0.01388888888888889
1 0.8002604166666667 0.5282407407407408 0.0328125 0.04722222222222222
1 0.9033854166666666 0.513888888888889 0.019270833333333334 0.02962962962962963
