1 0.6299479166666666 0.513425925925926 0.0453125 0.06944444444444445
1 0.3190104166666667 0.6208333333333333 0.033854166666666664 0.03981481481481482
1 0.97265625 0.8935185185185186 0.0484375 0.13148148148148148
1 0.8747395833333333 0.8745370370370371 0.07552083333333333 0.075
1 0.44453125 0.9740740740740741 0.0203125 0.05185185185185186
1 0.7098958333333333 0.8324074074074075 0.027083333333333334 0.04259259259259259
1 0.6807291666666666 0.9018518518518519 0.040625 0.05555555555555556
1 0.7630208333333334 0.500925925925926 0.03229166666666666 0.044444444444444446
1 0.5393229166666667 0.42453703703703705 0.0203125 0.03796296296296296
1 0.625 0.9550925925925926 0.052083333333333336 0.03796296296296296
1 0.37005208333333334 0.9328703703703705 0.0484375 0.06944444444444445
