1 0.14348958333333334 0.13194444444444445 0.028645833333333332 0.025
1 0.29192708333333334 0.7083333333333334 0.04635416666666667 0.07962962962962963
1 0.5854166666666667 0.638888888888889 0.5177083333333333 0.5462962962962963
1 0.8908854166666667 0.7615740740740741 0.08385416666666666 0.08611111111111111
1 0.9229166666666666 0.9083333333333333 0.05 0.1814814814814815
1 0.7799479166666666 0.9699074074074074 0.08385416666666666 0.06018518518518519
1 0.77890625 0.9680555555555556 0.08385416666666666 0.06018518518518519
1 0.17864583333333334 0.7800925925925927 0.01875 0.05092592592592593
1 0.23020833333333332 0.7263888888888889 0.025 0.04351851851851852
1 0.3346354166666667 0.3092592592592593 0.0203125 0.044444444444444446
