1 0.2911458333333333 0.8430555555555556 0.028125 0.0638888888888889
1 0.2669270833333333 0.6856481481481482 0.0296875 0.04166666666666667
1 0.17317708333333334 0.638888888888889 0.021354166666666667 0.02962962962962963
1 0.15390625 0.7513888888888889 0.0234375 0.036111111111111115
1 0.34869791666666666 0.8847222222222223 0.0171875 0.03796296296296296
1 0.615625 0.787962962962963 0.016666666666666666 0.0462962962962963
1 0.70078125 0.7833333333333333 0.019270833333333334 0.031481481481481485
1 0.8700520833333333 0.8763888888888889 0.021354166666666667 0.04166666666666667
1 0.9057291666666667 0.8958333333333334 0.014583333333333334 0.028703703703703703
1 0.9588541666666667 0.7902777777777779 0.030208333333333334 0.03796296296296296
1 0.9390625 0.5337962962962963 0.026041666666666668 0.025
1 0.7708333333333334 0.9166666666666667 0.016666666666666666 0.020370370370370372
1 0.5947916666666666 0.9430555555555556 0.015625 0.030555555555555558
