1 0.16692708333333334 0.5106481481481482 0.07864583333333333 0.0712962962962963
1 0.07161458333333333 0.6245370370370371 0.044270833333333336 0.11388888888888889
1 0.035416666666666666 0.788425925925926 0.06145833333333333 0.15092592592592594
1 0.23359375 0.6444444444444445 0.21197916666666666 0.1277777777777778
1 0.15755208333333334 0.8050925925925926 0.10885416666666667 0.08425925925925926
1 0.3763020833333333 0.712037037037037 0.0640625 0.07777777777777778
1 0.41015625 0.9055555555555556 0.0390625 0.044444444444444446
1 0.19739583333333333 0.9805555555555556 0.06979166666666667 0.03888888888888889
1 0.259375 0.7810185185185186 0.05 0.10648148148148148
1 0.5885416666666666 0.33101851851851855 0.03333333333333333 0.07314814814814816
1 0.6369791666666667 0.3314814814814815 0.02395833333333333 0.05925925925925926
1 0.4015625 0.5263888888888889 0.03333333333333333 0.10833333333333334
