1 0.24036458333333333 0.3287037037037037 0.1203125 0.13703703703703704
1 0.4786458333333333 0.24861111111111112 0.06979166666666667 0.05648148148148149
1 0.3875 0.3 0.034375 0.08333333333333334
1 0.4864583333333333 0.4305555555555556 0.11875 0.2240740740740741
1 0.3385416666666667 0.41620370370370374 0.05 0.10092592592592593
1 0.40260416666666665 0.4569444444444445 0.046875 0.11574074074074074
1 0.08984375 0.6712962962962963 0.08072916666666667 0.07407407407407407
1 0.024479166666666666 0.7620370370370371 0.04375 0.06851851851851852
1 0.06614583333333333 0.8518518518518519 0.09479166666666666 0.12222222222222223
1 0.15286458333333333 0.8148148148148149 0.09947916666666666 0.16666666666666669
1 0.20703125 0.9574074074074075 0.2296875 0.08518518518518518
1 0.45338541666666665 0.7208333333333333 0.09739583333333333 0.18055555555555555
1 0.57890625 0.40740740740740744 0.07760416666666667 0.07222222222222223
1 0.6309895833333333 0.512962962962963 0.0453125 0.07962962962962963
