1 0.175 0.8425925925925927 0.084375 0.11481481481481481
1 0.39557291666666666 0.8527777777777779 0.033854166666666664 0.03333333333333333
1 0.4674479166666667 0.8208333333333334 0.019270833333333334 0.036111111111111115
1 0.33697916666666666 0.7597222222222223 0.06458333333333333 0.1212962962962963
1 0.42942708333333335 0.7703703703703704 0.06927083333333334 0.05185185185185186
1 0.4388020833333333 0.6569444444444444 0.059895833333333336 0.026851851851851852
1 0.33177083333333335 0.8967592592592593 0.0375 0.04166666666666667
1 0.23723958333333334 0.962037037037037 0.0296875 0.04814814814814815
1 0.10989583333333333 0.5925925925925926 0.014583333333333334 0.0462962962962963
1 0.16640625 0.5402777777777777 0.011979166666666666 0.019444444444444445
1 0.046614583333333334 0.5564814814814815 0.027604166666666666 0.03333333333333333
1 0.08515625 0.5462962962962963 0.0296875 0.05
1 0.328125 0.9481481481481482 0.008333333333333333 0.053703703703703705
1 0.3734375 0.9634259259259259 0.011458333333333333 0.017592592592592594
1 0.3966145833333333 0.9416666666666667 0.013020833333333334 0.018518518518518517
