1 0.19505208333333332 0.3180555555555556 0.2046875 0.0787037037037037
1 0.11979166666666667 0.24814814814814815 0.010416666666666666 0.016666666666666666
1 0.16041666666666665 0.225 0.013541666666666667 0.011111111111111112
1 0.259375 0.1800925925925926 0.03958333333333333 0.017592592592592594
0 0.11979166666666667 0.39351851851851855 0.025 0.022222222222222223
1 0.30416666666666664 0.3662037037037037 0.021875 0.030555555555555558
1 0.03307291666666667 0.36712962962962964 0.0359375 0.04351851851851852
1 0.015625 0.4689814814814815 0.030208333333333334 0.049074074074074076
1 0.26640625 0.13611111111111113 0.021354166666666667 0.018518518518518517
1 0.3424479166666667 0.1550925925925926 0.044270833333333336 0.026851851851851852
1 0.41354166666666664 0.1212962962962963 0.025 0.02777777777777778
1 0.36328125 0.07083333333333333 0.013020833333333334 0.015740740740740743
1 0.5377604166666666 0.26481481481481484 0.01614583333333333 0.014814814814814815
1 0.3765625 0.31574074074074077 0.07395833333333333 0.053703703703703705
1 0.55546875 0.39675925925925926 0.0109375 0.017592592592592594
1 0.35703125 0.2162037037037037 0.0078125 0.012037037037037037
1 0.4669270833333333 0.6203703703703703 0.033854166666666664 0.0925925925925926
1 0.6901041666666666 0.6759259259259259 0.029166666666666667 0.05740740740740741
1 0.61640625 0.3425925925925926 0.0359375 0.040740740740740744
1 0.71328125 0.4537037037037037 0.027604166666666666 0.03333333333333333
1 0.9158854166666667 0.5458333333333334 0.057812499999999996 0.05648148148148149
1 0.7903645833333334 0.44907407407407407 0.06927083333333334 0.053703703703703705
1 0.7674479166666667 0.07592592592592592 0.0234375 0.024074074074074074
1 0.7091145833333333 0.7273148148148149 0.0171875 0.03425925925925926
1 0.5580729166666667 0.4930555555555556 0.0328125 0.03981481481481482
1 0.9684895833333333 0.48703703703703705 0.06302083333333333 0.0962962962962963
1 0.6682291666666667 0.6175925925925926 0.075 0.05740740740740741
1 0.5424479166666667 0.5722222222222223 0.03177083333333333 0.02777777777777778
1 0.7479166666666667 0.6 0.04375 0.040740740740740744
1 0.5346354166666667 0.42083333333333334 0.0203125 0.02314814814814815
1 0.8440104166666667 0.09907407407407408 0.0109375 0.011111111111111112
1 0.6776041666666667 0.3523148148148148 0.0125 0.015740740740740743
1 0.6552083333333333 0.3736111111111111 0.010416666666666666 0.015740740740740743
1 0.7015625 0.5356481481481482 0.0125 0.021296296296296296
1 0.73671875 0.4962962962962963 0.0109375 0.020370370370370372
1 0.76484375 0.3976851851851852 0.009895833333333333 0.021296296296296296
1 0.9158854166666667 0.638888888888889 0.01614583333333333 0.022222222222222223
1 0.9484374999999999 0.6601851851851852 0.036458333333333336 0.053703703703703705
1 0.9497395833333333 0.7157407407407408 0.03697916666666667 0.053703703703703705
1 0.8705729166666667 0.5986111111111111 0.03802083333333333 0.04166666666666667
1 0.9872395833333333 0.587037037037037 0.025520833333333333 0.0962962962962963
