0 0.3385416666666667 0.33564814814814814 0.017708333333333333 0.019444444444444445
0 0.43906249999999997 0.35370370370370374 0.016666666666666666 0.020370370370370372
0 0.47578125 0.3199074074074074 0.018229166666666668 0.017592592592592594
0 0.45859374999999997 0.2888888888888889 0.0171875 0.018518518518518517
0 0.3458333333333333 0.23935185185185187 0.015625 0.015740740740740743
0 0.5434895833333333 0.3101851851851852 0.0140625 0.016666666666666666
0 0.5520833333333334 0.25324074074074077 0.015625 0.017592592592592594
0 0.4796875 0.24074074074074076 0.015625 0.016666666666666666
0 0.6979166666666666 0.20833333333333334 0.015625 0.016666666666666666
0 0.58359375 0.24861111111111112 0.015104166666666667 0.017592592592592594
