0 0.49973958333333335 0.08240740740740742 0.0453125 0.044444444444444446
0 0.325 0.12222222222222223 0.041666666666666664 0.040740740740740744
0 0.12421875 0.5351851851851852 0.04739583333333333 0.07407407407407407
0 0.51171875 0.28194444444444444 0.0484375 0.05277777777777778
0 0.8197916666666667 0.05462962962962963 0.04583333333333333 0.04814814814814815
0 0.9510416666666667 0.9546296296296297 0.071875 0.06296296296296297
0 0.5643229166666667 0.7203703703703704 0.0296875 0.09444444444444444
0 0.52890625 0.8199074074074074 0.06614583333333333 0.075
0 0.4552083333333333 0.6236111111111111 0.053125 0.05648148148148149
0 0.3338541666666667 0.8166666666666667 0.05416666666666667 0.08703703703703704
