1 0.2708333333333333 0.33240740740740743 0.026041666666666668 0.04814814814814815
1 0.31197916666666664 0.7097222222222223 0.08645833333333333 0.07314814814814816
1 0.4083333333333333 0.7694444444444445 0.07083333333333333 0.2351851851851852
1 0.35234375 0.9634259259259259 0.03697916666666667 0.07314814814814816
1 0.6895833333333333 0.7578703703703704 0.08229166666666667 0.07314814814814816
1 0.89296875 0.4708333333333333 0.05572916666666666 0.08055555555555556
1 0.6416666666666666 0.4601851851851852 0.028125 0.037037037037037035
1 0.5645833333333333 0.5773148148148148 0.06145833333333333 0.05648148148148149
1 0.3190104166666667 0.5712962962962963 0.04635416666666667 0.06296296296296297
1 0.49921875 0.17083333333333334 0.03177083333333333 0.036111111111111115
