1 0.13385416666666666 0.5208333333333334 0.22916666666666666 0.13055555555555556
0 0.03802083333333333 0.6162037037037037 0.028125 0.032407407407407406
1 0.4510416666666667 0.9435185185185185 0.04479166666666667 0.11296296296296297
1 0.5528645833333333 0.8314814814814815 0.03697916666666667 0.053703703703703705
1 0.7734375 0.7902777777777779 0.03854166666666667 0.03796296296296296
1 0.8510416666666667 0.2337962962962963 0.03125 0.036111111111111115
1 0.43124999999999997 0.2689814814814815 0.029166666666666667 0.04537037037037037
1 0.8489583333333334 0.7925925925925926 0.058333333333333334 0.07222222222222223
1 0.2903645833333333 0.5935185185185186 0.0828125 0.08703703703703704
1 0.3802083333333333 0.5504629629629629 0.11770833333333333 0.0638888888888889
1 0.5333333333333333 0.7231481481481482 0.034375 0.04259259259259259
1 0.5611979166666666 0.4990740740740741 0.021354166666666667 0.024074074074074074
1 0.6489583333333333 0.612037037037037 0.04479166666666667 0.06296296296296297
1 0.5364583333333334 0.6722222222222223 0.0125 0.024074074074074074
1 0.55859375 0.6902777777777778 0.009895833333333333 0.019444444444444445
1 0.665625 0.6888888888888889 0.051041666666666666 0.037037037037037035
1 0.5815104166666667 0.6837962962962963 0.019270833333333334 0.036111111111111115
1 0.7265625 0.7310185185185185 0.040625 0.06759259259259259
1 0.7065104166666667 0.6652777777777779 0.04114583333333333 0.04537037037037037
1 0.7416666666666667 0.625 0.042708333333333334 0.014814814814814815
1 0.6854166666666667 0.562962962962963 0.042708333333333334 0.05185185185185186
1 0.6213541666666667 0.5620370370370371 0.03333333333333333 0.03518518518518519
1 0.6018229166666667 0.6620370370370371 0.009895833333333333 0.014814814814814815
1 0.3484375 0.29583333333333334 0.05416666666666667 0.049074074074074076
1 0.2513020833333333 0.3388888888888889 0.0546875 0.024074074074074074
1 0.2591145833333333 0.2847222222222222 0.027604166666666666 0.025
1 0.2125 0.39814814814814814 0.021875 0.022222222222222223
1 0.38828125 0.19490740740740742 0.011979166666666666 0.015740740740740743
1 0.32317708333333334 0.2300925925925926 0.0140625 0.01388888888888889
1 0.3221354166666667 0.19675925925925927 0.0234375 0.01388888888888889
1 0.1703125 0.22453703703703703 0.013541666666666667 0.012037037037037037
1 0.1265625 0.3842592592592593 0.013541666666666667 0.011111111111111112
1 0.07838541666666667 0.40925925925925927 0.015104166666666667 0.02777777777777778
1 0.52265625 0.9606481481481481 0.034895833333333334 0.04166666666666667
1 0.7497395833333333 0.9435185185185185 0.022395833333333334 0.022222222222222223
1 0.79296875 0.8726851851851852 0.0171875 0.030555555555555558
1 0.8606770833333334 0.8875000000000001 0.0171875 0.030555555555555558
1 0.47630208333333335 0.5398148148148149 0.049479166666666664 0.044444444444444446
1 0.4046875 0.45925925925925926 0.04479166666666667 0.03518518518518519
