1 0.39947916666666666 0.5750000000000001 0.058333333333333334 0.061111111111111116
1 0.47552083333333334 0.7087962962962964 0.026041666666666668 0.03981481481481482
1 0.8192708333333333 0.2976851851851852 0.014583333333333334 0.017592592592592594
1 0.9291666666666667 0.4342592592592593 0.010416666666666666 0.011111111111111112
1 0.34088541666666666 0.9597222222222223 0.07864583333333333 0.08055555555555556
1 0.6700520833333333 0.7740740740740741 0.10260416666666666 0.1425925925925926
1 0.8466145833333333 0.8731481481481482 0.13697916666666665 0.2537037037037037
1 0.2799479166666667 0.33425925925925926 0.0109375 0.014814814814814815
1 0.32708333333333334 0.3851851851851852 0.015625 0.014814814814814815
1 0.421875 0.33240740740740743 0.016666666666666666 0.014814814814814815
1 0.25364583333333335 0.3375 0.007291666666666667 0.008333333333333333
