1 0.31536458333333334 0.3689814814814815 0.0390625 0.06944444444444445
1 0.3296875 0.5601851851851852 0.08229166666666667 0.07777777777777778
1 0.37604166666666666 0.6939814814814815 0.053125 0.08055555555555556
1 0.36171875 0.9203703703703704 0.022395833333333334 0.031481481481481485
1 0.4901041666666667 0.9 0.042708333333333334 0.05
1 0.5520833333333334 0.951388888888889 0.036458333333333336 0.05277777777777778
1 0.65625 0.9083333333333333 0.034375 0.07222222222222223
1 0.4315104166666667 0.7527777777777778 0.027604166666666666 0.0462962962962963
1 0.39427083333333335 0.5750000000000001 0.042708333333333334 0.10740740740740741
1 0.4966145833333333 0.48240740740740745 0.027604166666666666 0.03518518518518519
1 0.4263020833333333 0.4898148148148148 0.021354166666666667 0.04259259259259259
1 0.34088541666666666 0.4898148148148148 0.0328125 0.02962962962962963
