1 0.15130208333333334 0.07916666666666666 0.030729166666666665 0.03796296296296296
1 0.24453125 0.638888888888889 0.044270833333333336 0.05555555555555556
1 0.1921875 0.7055555555555556 0.017708333333333333 0.044444444444444446
1 0.33697916666666666 0.7212962962962963 0.03229166666666666 0.06296296296296297
1 0.290625 0.8050925925925926 0.029166666666666667 0.0712962962962963
1 0.49895833333333334 0.4916666666666667 0.3416666666666667 0.4
1 0.5143229166666666 0.7578703703703704 0.11197916666666667 0.12314814814814816
1 0.6138020833333333 0.8106481481481482 0.05572916666666666 0.06574074074074074
1 0.5286458333333334 0.9337962962962963 0.03229166666666666 0.03425925925925926
1 0.4421875 0.9393518518518519 0.06458333333333333 0.05277777777777778
1 0.7127604166666667 0.8615740740740742 0.10260416666666666 0.27685185185185185
1 0.8393229166666667 0.7189814814814816 0.08802083333333333 0.1638888888888889
1 0.88515625 0.8736111111111111 0.08177083333333333 0.10648148148148148
1 0.9770833333333333 0.9101851851851852 0.04375 0.17962962962962964
1 0.7364583333333333 0.6314814814814815 0.09479166666666666 0.1537037037037037
