0 0.5984375 0.5337962962962963 0.03229166666666666 0.03425925925925926
0 0.6002604166666666 0.42453703703703705 0.028645833333333332 0.028703703703703703
0 0.44869791666666664 0.6305555555555555 0.028645833333333332 0.037037037037037035
0 0.3 0.5851851851851853 0.027083333333333334 0.03518518518518519
0 0.790625 0.34120370370370373 0.028125 0.030555555555555558
0 0.50078125 0.5546296296296297 0.0359375 0.03333333333333333
0 0.3171875 0.39583333333333337 0.028125 0.036111111111111115
0 0.64296875 0.41481481481481486 0.0234375 0.031481481481481485
0 0.6322916666666667 0.35694444444444445 0.016666666666666666 0.030555555555555558
0 0.6575520833333334 0.36203703703703705 0.027604166666666666 0.031481481481481485
0 0.4239583333333333 0.3625 0.01875 0.026851851851851852
0 0.47421874999999997 0.4898148148148148 0.024479166666666666 0.02962962962962963
0 0.42916666666666664 0.38333333333333336 0.025 0.02777777777777778
0 0.471875 0.4189814814814815 0.025 0.02314814814814815
0 0.43984375 0.3990740740740741 0.0234375 0.020370370370370372
0 0.4309895833333333 0.4115740740740741 0.018229166666666668 0.026851851851851852
