1 0.26901041666666664 0.2791666666666667 0.17760416666666667 0.10833333333333334
1 0.12994791666666666 0.33240740740740743 0.0390625 0.031481481481481485
1 0.11145833333333333 0.3888888888888889 0.042708333333333334 0.03333333333333333
1 0.51953125 0.6138888888888889 0.030729166666666665 0.10555555555555556
1 0.4901041666666667 0.1287037037037037 0.028125 0.02777777777777778
1 0.4153645833333333 0.15972222222222224 0.03802083333333333 0.03796296296296296
1 0.67421875 0.3699074074074074 0.034895833333333334 0.03796296296296296
1 0.6864583333333333 0.6578703703703704 0.0875 0.05462962962962963
1 0.5888020833333333 0.6157407407407408 0.027604166666666666 0.02592592592592593
1 0.7333333333333333 0.7125 0.027083333333333334 0.03796296296296296
1 0.746875 0.49259259259259264 0.026041666666666668 0.03518518518518519
1 0.6010416666666667 0.4189814814814815 0.014583333333333334 0.012037037037037037
1 0.6234375 0.3990740740740741 0.009375 0.014814814814814815
1 0.7403645833333333 0.5662037037037038 0.0109375 0.010185185185185186
1 0.7859375 0.5300925925925926 0.010416666666666666 0.015740740740740743
1 0.59921875 0.287962962962963 0.01614583333333333 0.012962962962962964
1 0.37421875 0.3527777777777778 0.08697916666666666 0.04814814814814815
1 0.459375 0.31203703703703706 0.09583333333333333 0.03888888888888889
1 0.6177083333333333 0.5273148148148148 0.03229166666666666 0.028703703703703703
1 0.8466145833333333 0.1175925925925926 0.0203125 0.022222222222222223
1 0.7856770833333333 0.6458333333333334 0.043229166666666666 0.03981481481481482
1 0.771875 0.6888888888888889 0.009375 0.009259259259259259
1 0.7838541666666666 0.7097222222222223 0.015625 0.015740740740740743
1 0.9575520833333333 0.638888888888889 0.05572916666666666 0.05740740740740741
1 0.34765625 0.12962962962962962 0.018229166666666668 0.014814814814814815
1 0.33489583333333334 0.17546296296296296 0.022916666666666665 0.010185185185185186
1 0.40572916666666664 0.28611111111111115 0.008333333333333333 0.012962962962962964
1 0.9549479166666667 0.7171296296296297 0.011979166666666666 0.017592592592592594
1 0.91015625 0.6726851851851852 0.011979166666666666 0.01388888888888889
1 0.9119791666666667 0.6990740740740741 0.010416666666666666 0.014814814814814815
1 0.984375 0.7527777777777778 0.016666666666666666 0.022222222222222223
1 0.9799479166666667 0.7699074074074075 0.0078125 0.010185185185185186
1 0.83046875 0.5041666666666667 0.0515625 0.05092592592592593
1 0.8354166666666667 0.5611111111111111 0.010416666666666666 0.016666666666666666
1 0.8229166666666666 0.4481481481481482 0.011458333333333333 0.024074074074074074
1 0.9114583333333334 0.3703703703703704 0.007291666666666667 0.014814814814814815
