1 0.3927083333333333 0.6537037037037037 0.121875 0.13518518518518519
1 0.3645833333333333 0.8152777777777778 0.014583333333333334 0.021296296296296296
1 0.3260416666666667 0.9 0.015625 0.020370370370370372
1 0.4591145833333333 0.9888888888888889 0.021354166666666667 0.022222222222222223
1 0.5684895833333333 0.7583333333333334 0.0203125 0.014814814814814815
1 0.5020833333333333 0.5467592592592593 0.010416666666666666 0.01388888888888889
1 0.44921875 0.5708333333333333 0.030729166666666665 0.026851851851851852
1 0.26901041666666664 0.6453703703703704 0.0109375 0.016666666666666666
1 0.30442708333333335 0.736574074074074 0.019270833333333334 0.04166666666666667
1 0.2609375 0.5370370370370371 0.010416666666666666 0.020370370370370372
