1 0.20182291666666666 0.6541666666666667 0.022395833333333334 0.025
1 0.5036458333333333 0.6268518518518519 0.06041666666666667 0.0925925925925926
1 0.42343749999999997 0.6768518518518519 0.025 0.02962962962962963
1 0.3419270833333333 0.5685185185185185 0.0734375 0.09814814814814815
1 0.24375 0.4365740740740741 0.016666666666666666 0.03796296296296296
1 0.16692708333333334 0.4287037037037037 0.011979166666666666 0.016666666666666666
1 0.071875 0.24027777777777778 0.13125 0.03981481481481482
1 0.334375 0.1763888888888889 0.090625 0.08611111111111111
1 0.4864583333333333 0.3675925925925926 0.025 0.022222222222222223
1 0.22135416666666666 0.3162037037037037 0.020833333333333332 0.017592592592592594
1 0.28489583333333335 0.5712962962962963 0.013541666666666667 0.05555555555555556
1 0.20078125 0.39305555555555555 0.013020833333333334 0.015740740740740743
