1 0.01614583333333333 0.45555555555555555 0.03125 0.07037037037037037
1 0.02734375 0.5337962962962963 0.0359375 0.04537037037037037
1 0.19453125 0.6726851851851852 0.0390625 0.13055555555555556
1 0.03046875 0.9287037037037037 0.059895833333333336 0.1425925925925926
1 0.11901041666666666 0.8875000000000001 0.0609375 0.08796296296296297
1 0.32317708333333334 0.7148148148148148 0.04010416666666666 0.07592592592592592
1 0.21588541666666666 0.9222222222222223 0.07447916666666667 0.12407407407407407
1 0.4088541666666667 0.8398148148148148 0.15729166666666666 0.15
1 0.3736979166666667 0.9500000000000001 0.15989583333333332 0.1
1 0.7080729166666666 0.8578703703703704 0.07552083333333333 0.10462962962962963
1 0.7755208333333333 0.6444444444444445 0.14479166666666665 0.23703703703703705
1 0.8916666666666666 0.6722222222222223 0.0875 0.0925925925925926
1 0.934375 0.8189814814814815 0.051041666666666666 0.08981481481481482
1 0.8393229166666667 0.4777777777777778 0.030729166666666665 0.031481481481481485
1 0.7197916666666666 0.47175925925925927 0.06666666666666667 0.0787037037037037
1 0.65546875 0.5537037037037037 0.04635416666666667 0.09444444444444444
1 0.5799479166666667 0.4310185185185185 0.1015625 0.1638888888888889
1 0.39375 0.5050925925925926 0.04375 0.06944444444444445
1 0.3919270833333333 0.6620370370370371 0.07760416666666667 0.06666666666666667
1 0.35442708333333334 0.37777777777777777 0.07239583333333333 0.08888888888888889
