1 0.13515625 0.4467592592592593 0.2296875 0.13240740740740742
0 0.039322916666666666 0.5305555555555556 0.025520833333333333 0.02592592592592593
1 0.4296875 0.826388888888889 0.03958333333333333 0.14166666666666666
1 0.496875 0.7962962962962963 0.0375 0.040740740740740744
1 0.6549479166666666 0.8824074074074074 0.0828125 0.09444444444444444
1 0.5192708333333333 0.6935185185185185 0.0375 0.04814814814814815
1 0.3375 0.4449074074074074 0.08541666666666667 0.0638888888888889
1 0.52578125 0.5648148148148149 0.0140625 0.022222222222222223
1 0.7473958333333334 0.8523148148148149 0.046875 0.062037037037037036
1 0.5013020833333334 0.5981481481481482 0.028645833333333332 0.03518518518518519
1 0.5200520833333333 0.38842592592592595 0.021354166666666667 0.019444444444444445
1 0.3963541666666667 0.1953703703703704 0.028125 0.03888888888888889
1 0.32005208333333335 0.23472222222222222 0.0515625 0.04166666666666667
1 0.22395833333333334 0.26666666666666666 0.04479166666666667 0.02962962962962963
1 0.23645833333333333 0.21712962962962964 0.028125 0.017592592592592594
1 0.6010416666666667 0.49259259259259264 0.0375 0.05925925925925926
1 0.7161458333333334 0.6509259259259259 0.034375 0.03333333333333333
1 0.6979166666666666 0.7685185185185186 0.015625 0.02777777777777778
1 0.9536458333333333 0.7777777777777778 0.06979166666666667 0.08703703703703704
1 0.9440104166666666 0.8921296296296297 0.024479166666666666 0.026851851851851852
1 0.7916666666666666 0.15 0.026041666666666668 0.03518518518518519
1 0.3546875 0.1398148148148148 0.017708333333333333 0.016666666666666666
1 0.5013020833333334 0.5537037037037037 0.015104166666666667 0.020370370370370372
1 0.46015625 0.4444444444444445 0.0140625 0.018518518518518517
1 0.07291666666666667 0.3527777777777778 0.015625 0.02592592592592593
1 0.11796875 0.3282407407407408 0.011979166666666666 0.012037037037037037
1 0.32526041666666666 0.3125 0.0067708333333333336 0.012037037037037037
1 0.25859375 0.4935185185185185 0.0171875 0.020370370370370372
1 0.2872395833333333 0.5189814814814815 0.011979166666666666 0.012037037037037037
1 0.6739583333333333 0.513888888888889 0.017708333333333333 0.020370370370370372
1 0.1453125 0.1814814814814815 0.013541666666666667 0.018518518518518517
1 0.78515625 0.6462962962962964 0.044270833333333336 0.06851851851851852
1 0.7369791666666666 0.7078703703703704 0.017708333333333333 0.030555555555555558
1 0.9794270833333333 0.9472222222222223 0.04114583333333333 0.10370370370370371
1 0.6690104166666666 0.9587962962962964 0.030729166666666665 0.05462962962962963
1 0.8708333333333333 0.17546296296296296 0.019791666666666666 0.02314814814814815
1 0.86484375 0.45 0.013020833333333334 0.012962962962962964
1 0.7736979166666667 0.5731481481481482 0.009895833333333333 0.02962962962962963
1 0.8333333333333334 0.5578703703703703 0.005208333333333333 0.012037037037037037
1 0.2604166666666667 0.1675925925925926 0.005208333333333333 0.009259259259259259
1 0.2921875 0.47500000000000003 0.04375 0.05185185185185186
