1 0.16354166666666667 0.05185185185185186 0.026041666666666668 0.037037037037037035
1 0.23203125 0.7032407407407407 0.0515625 0.062037037037037036
1 0.19817708333333334 0.825462962962963 0.0671875 0.06574074074074074
1 0.33828125 0.8018518518518519 0.0296875 0.07777777777777778
1 0.4296875 0.7125 0.18958333333333333 0.1638888888888889
1 0.51015625 0.475462962962963 0.3578125 0.3138888888888889
1 0.5565104166666667 0.8421296296296297 0.12343749999999999 0.20462962962962963
1 0.6859375 0.725 0.15729166666666666 0.17222222222222222
1 0.6653645833333334 0.9500000000000001 0.06197916666666667 0.07592592592592592
1 0.77890625 0.9101851851851852 0.11302083333333333 0.17962962962962964
1 0.9434895833333333 0.8490740740740741 0.11302083333333333 0.20185185185185187
1 0.8268229166666666 0.7337962962962963 0.09114583333333333 0.16018518518518518
1 0.9208333333333333 0.6444444444444445 0.03333333333333333 0.06481481481481481
1 0.2934895833333333 0.5745370370370371 0.0453125 0.05648148148148149
1 0.28932291666666665 0.7023148148148148 0.0390625 0.06759259259259259
