1 0.12265625 0.9337962962962963 0.022395833333333334 0.05092592592592593
1 0.14661458333333333 0.8333333333333334 0.01614583333333333 0.011111111111111112
1 0.0890625 0.775462962962963 0.011458333333333333 0.008333333333333333
1 0.24036458333333333 0.85 0.0265625 0.02777777777777778
1 0.054947916666666666 0.7925925925925926 0.03177083333333333 0.031481481481481485
1 0.11848958333333333 0.7180555555555556 0.0234375 0.019444444444444445
1 0.07682291666666667 0.7092592592592593 0.0078125 0.011111111111111112
1 0.014583333333333334 0.7199074074074074 0.010416666666666666 0.010185185185185186
1 0.37578125 0.6851851851851852 0.04635416666666667 0.05925925925925926
1 0.5622395833333333 0.9375 0.019270833333333334 0.03796296296296296
1 0.359375 0.9486111111111112 0.015625 0.021296296296296296
1 0.22369791666666666 0.950462962962963 0.011979166666666666 0.021296296296296296
1 0.27708333333333335 0.7912037037037037 0.025 0.04166666666666667
1 0.21171874999999998 0.7064814814814815 0.0109375 0.011111111111111112
1 0.16770833333333332 0.7064814814814815 0.022916666666666665 0.02962962962962963
1 0.1796875 0.9842592592592593 0.00625 0.009259259259259259
1 0.11770833333333333 0.6046296296296296 0.008333333333333333 0.016666666666666666
1 0.12109375 0.6476851851851853 0.008854166666666666 0.006481481481481482
1 0.21432291666666667 0.8712962962962963 0.01614583333333333 0.007407407407407408
1 0.23567708333333334 0.8976851851851853 0.008854166666666666 0.012037037037037037
1 0.22890625 0.8148148148148149 0.008854166666666666 0.012962962962962964
1 0.26588541666666665 0.8282407407407407 0.0067708333333333336 0.008333333333333333
