1 0.31744791666666666 0.6606481481481482 0.3359375 0.30092592592592593
1 0.07057291666666667 0.725462962962963 0.09635416666666667 0.12685185185185185
1 0.017708333333333333 0.5717592592592593 0.03333333333333333 0.04722222222222222
1 0.42213541666666665 0.35833333333333334 0.05364583333333333 0.07407407407407407
1 0.54140625 0.6347222222222223 0.16197916666666667 0.13796296296296298
1 0.7908854166666667 0.6736111111111112 0.09427083333333333 0.11574074074074074
1 0.51015625 0.28425925925925927 0.058854166666666666 0.044444444444444446
1 0.3338541666666667 0.3060185185185185 0.05625 0.05462962962962963
1 0.9289062499999999 0.9722222222222222 0.0484375 0.04814814814814815
1 0.6895833333333333 0.5041666666666667 0.019791666666666666 0.025
1 0.33307291666666666 0.3893518518518519 0.03177083333333333 0.02314814814814815
1 0.5794270833333334 0.43472222222222223 0.0203125 0.021296296296296296
1 0.8880208333333334 0.7263888888888889 0.09479166666666666 0.28055555555555556
1 0.8197916666666667 0.5453703703703704 0.04583333333333333 0.05740740740740741
