1 0.5098958333333333 0.8981481481481481 0.13125 0.20185185185185187
1 0.6296875 0.5347222222222222 0.10416666666666667 0.09907407407407408
1 0.5583333333333333 0.6731481481481482 0.0125 0.016666666666666666
1 0.41041666666666665 0.7976851851851852 0.027083333333333334 0.049074074074074076
1 0.25364583333333335 0.5444444444444445 0.004166666666666667 0.009259259259259259
1 0.22916666666666666 0.6092592592592593 0.008333333333333333 0.007407407407407408
1 0.6609375 0.7717592592592593 0.025 0.028703703703703703
1 0.5221354166666666 0.512962962962963 0.0078125 0.011111111111111112
1 0.4302083333333333 0.7018518518518518 0.029166666666666667 0.03333333333333333
1 0.5927083333333333 0.6305555555555555 0.008333333333333333 0.011111111111111112
1 0.19375 0.6800925925925926 0.013541666666666667 0.012037037037037037
1 0.17161458333333332 0.6791666666666667 0.018229166666666668 0.010185185185185186
