1 0.08229166666666667 0.037037037037037035 0.034375 0.03333333333333333
1 0.17239583333333333 0.663425925925926 0.04583333333333333 0.05277777777777778
1 0.11666666666666667 0.7199074074074074 0.021875 0.05277777777777778
1 0.22265625 0.8356481481481481 0.03802083333333333 0.06944444444444445
1 0.2747395833333333 0.7444444444444445 0.030729166666666665 0.07962962962962963
1 0.49609375 0.9791666666666667 0.043229166666666666 0.04166666666666667
1 0.7484375 0.9606481481481481 0.0625 0.0787037037037037
1 0.6984375 0.8300925925925926 0.1 0.2101851851851852
1 0.5932291666666667 0.8523148148148149 0.05 0.08981481481481482
1 0.3723958333333333 0.5620370370370371 0.209375 0.31851851851851853
1 0.45989583333333334 0.3277777777777778 0.24687499999999998 0.18888888888888888
1 0.59140625 0.5796296296296296 0.17864583333333334 0.2777777777777778
1 0.4848958333333333 0.7861111111111111 0.103125 0.1425925925925926
1 0.7463541666666667 0.662962962962963 0.07708333333333334 0.1277777777777778
1 0.8354166666666667 0.6847222222222222 0.08645833333333333 0.08611111111111111
1 0.8997395833333334 0.7967592592592593 0.028645833333333332 0.062037037037037036
1 0.91875 0.9157407407407407 0.10208333333333333 0.12037037037037038
