1 0.30833333333333335 0.5347222222222222 0.21666666666666667 0.13611111111111113
0 0.21666666666666667 0.6310185185185185 0.01875 0.04537037037037037
1 0.09791666666666667 0.6717592592592593 0.04375 0.08611111111111111
1 0.12447916666666667 0.5606481481481481 0.0375 0.05648148148148149
1 0.0390625 0.4532407407407408 0.021875 0.02314814814814815
1 0.7653645833333333 0.9611111111111111 0.04114583333333333 0.05
1 0.9210937499999999 0.7768518518518519 0.14635416666666667 0.3462962962962963
1 0.7515625 0.5939814814814816 0.021875 0.019444444444444445
1 0.5848958333333333 0.3189814814814815 0.05 0.04166666666666667
1 0.5098958333333333 0.34861111111111115 0.06458333333333333 0.04722222222222222
1 0.40781249999999997 0.36944444444444446 0.046875 0.02962962962962963
1 0.2953125 0.4101851851851852 0.013541666666666667 0.012962962962962964
1 0.4158854166666667 0.30324074074074076 0.025520833333333333 0.019444444444444445
1 0.33125 0.2601851851851852 0.013541666666666667 0.012962962962962964
1 0.4348958333333333 0.6430555555555556 0.14375 0.0787037037037037
1 0.5575520833333333 0.6171296296296297 0.13489583333333333 0.06759259259259259
1 0.5479166666666666 0.24166666666666667 0.013541666666666667 0.016666666666666666
1 0.74296875 0.8069444444444445 0.015104166666666667 0.026851851851851852
1 0.471875 0.2587962962962963 0.0125 0.012037037037037037
1 0.7638020833333333 0.8208333333333334 0.0140625 0.021296296296296296
1 0.73125 0.8453703703703704 0.014583333333333334 0.011111111111111112
1 0.7520833333333333 0.8657407407407408 0.008333333333333333 0.016666666666666666
1 0.47604166666666664 0.7000000000000001 0.010416666666666666 0.018518518518518517
1 0.6783854166666666 0.6523148148148148 0.0109375 0.015740740740740743
1 0.4549479166666667 0.525 0.0328125 0.031481481481481485
1 0.16744791666666667 0.5671296296296297 0.019270833333333334 0.021296296296296296
1 0.2635416666666667 0.6222222222222222 0.030208333333333334 0.031481481481481485
1 0.109375 0.4851851851851852 0.030208333333333334 0.031481481481481485
1 0.24739583333333334 0.4337962962962963 0.016666666666666666 0.026851851851851852
1 0.7325520833333333 0.33194444444444443 0.030729166666666665 0.032407407407407406
1 0.65625 0.6083333333333334 0.04895833333333333 0.053703703703703705
1 0.6299479166666666 0.48750000000000004 0.0109375 0.012037037037037037
1 0.5955729166666667 0.4800925925925926 0.01614583333333333 0.01388888888888889
