1 0.08854166666666667 0.7694444444444445 0.026041666666666668 0.02962962962962963
1 0.3302083333333333 0.7939814814814815 0.040625 0.05277777777777778
1 0.4263020833333333 0.7273148148148149 0.07135416666666666 0.11388888888888889
1 0.4796875 0.46435185185185185 0.009375 0.017592592592592594
1 0.5864583333333333 0.8421296296296297 0.008333333333333333 0.019444444444444445
1 0.15520833333333334 0.4990740740740741 0.02395833333333333 0.02777777777777778
1 0.08046875 0.4842592592592593 0.01614583333333333 0.018518518518518517
1 0.2596354166666667 0.6662037037037037 0.08177083333333333 0.1175925925925926
1 0.2916666666666667 0.2152777777777778 0.08854166666666667 0.07314814814814816
1 0.04088541666666667 0.25277777777777777 0.07239583333333333 0.040740740740740744
1 0.32135416666666666 0.563425925925926 0.019791666666666666 0.04166666666666667
1 0.5934895833333333 0.45231481481481484 0.019270833333333334 0.03425925925925926
1 0.43124999999999997 0.412962962962963 0.03333333333333333 0.024074074074074074
1 0.6984375 0.9240740740740742 0.03125 0.04259259259259259
1 0.5575520833333333 0.7194444444444444 0.0296875 0.05925925925925926
1 0.4588541666666667 0.5111111111111112 0.008333333333333333 0.007407407407407408
1 0.3421875 0.5152777777777778 0.00625 0.012037037037037037
1 0.19244791666666666 0.6537037037037037 0.022395833333333334 0.04259259259259259
1 0.08255208333333333 0.5398148148148149 0.009895833333333333 0.020370370370370372
1 0.11822916666666666 0.4356481481481482 0.017708333333333333 0.017592592592592594
1 0.15286458333333333 0.3597222222222222 0.0234375 0.017592592592592594
