1 0.18880208333333334 0.10462962962962963 0.03177083333333333 0.03333333333333333
1 0.24635416666666665 0.7944444444444445 0.04479166666666667 0.07592592592592592
1 0.20494791666666667 0.9333333333333333 0.08072916666666667 0.05
1 0.34713541666666664 0.913888888888889 0.030729166666666665 0.07777777777777778
1 0.5458333333333333 0.8657407407407408 0.3572916666666667 0.26851851851851855
1 0.5463541666666667 0.6222222222222222 0.38958333333333334 0.22777777777777777
1 0.5690104166666666 0.41805555555555557 0.2640625 0.16944444444444445
1 0.31614583333333335 0.6601851851851852 0.040625 0.06296296296296297
1 0.9638020833333333 0.9435185185185185 0.06927083333333334 0.11296296296296297
1 0.8690104166666667 0.862037037037037 0.07552083333333333 0.20555555555555557
1 0.9458333333333333 0.7810185185185186 0.06666666666666667 0.09907407407407408
1 0.7671875 0.9041666666666667 0.06875 0.12685185185185185
