1 0.3346354166666667 0.6171296296296297 0.06510416666666667 0.05648148148148149
1 0.54296875 0.9314814814814815 0.0484375 0.05555555555555556
1 0.4765625 0.862962962962963 0.034375 0.10740740740740741
1 0.4315104166666667 0.8745370370370371 0.034895833333333334 0.04722222222222222
1 0.3653645833333333 0.9115740740740741 0.024479166666666666 0.026851851851851852
1 0.4984375 0.03935185185185185 0.020833333333333332 0.028703703703703703
1 0.8559895833333333 0.975462962962963 0.03802083333333333 0.049074074074074076
1 0.38958333333333334 0.625 0.042708333333333334 0.12037037037037038
1 0.4901041666666667 0.5388888888888889 0.03125 0.031481481481481485
1 0.42526041666666664 0.5421296296296296 0.021354166666666667 0.04537037037037037
1 0.3489583333333333 0.5458333333333334 0.034375 0.03981481481481482
1 0.32109375 0.4430555555555556 0.021354166666666667 0.03425925925925926
