1 0.05807291666666667 0.4277777777777778 0.05364583333333333 0.05740740740740741
1 0.10598958333333333 0.3314814814814815 0.033854166666666664 0.05
1 0.4770833333333333 0.7495370370370371 0.02395833333333333 0.075
1 0.584375 0.7523148148148149 0.013541666666666667 0.04537037037037037
1 0.4940104166666667 0.6842592592592592 0.0109375 0.011111111111111112
1 0.5161458333333333 0.45925925925925926 0.028125 0.07962962962962963
1 0.6893229166666667 0.42592592592592593 0.0640625 0.05
1 0.7145833333333333 0.45740740740740743 0.021875 0.014814814814814815
1 0.725 0.4861111111111111 0.0125 0.018518518518518517
1 0.7182291666666667 0.3078703703703704 0.021875 0.015740740740740743
1 0.6356770833333333 0.21805555555555556 0.033854166666666664 0.032407407407407406
1 0.7606770833333333 0.0125 0.018229166666666668 0.019444444444444445
1 0.14973958333333334 0.2555555555555556 0.0328125 0.02962962962962963
1 0.171875 0.23657407407407408 0.010416666666666666 0.01388888888888889
1 0.10286458333333333 0.21851851851851853 0.01614583333333333 0.014814814814814815
1 0.2713541666666667 0.19166666666666668 0.16041666666666665 0.08888888888888889
1 0.22630208333333332 0.24444444444444446 0.013020833333333334 0.009259259259259259
1 0.21666666666666667 0.2652777777777778 0.019791666666666666 0.008333333333333333
1 0.34296875 0.24722222222222223 0.03177083333333333 0.020370370370370372
1 0.3716145833333333 0.2490740740740741 0.018229166666666668 0.018518518518518517
1 0.4080729166666667 0.25925925925925924 0.005729166666666666 0.007407407407407408
1 0.4354166666666667 0.2087962962962963 0.06666666666666667 0.03796296296296296
1 0.30104166666666665 0.06296296296296297 0.015625 0.012962962962962964
1 0.32057291666666665 0.06481481481481481 0.01614583333333333 0.014814814814814815
1 0.3078125 0.09907407407407408 0.015625 0.009259259259259259
1 0.03723958333333333 0.20972222222222223 0.013020833333333334 0.010185185185185186
1 0.228125 0.05648148148148149 0.009375 0.007407407407407408
1 0.5744791666666667 0.27592592592592596 0.011458333333333333 0.014814814814814815
1 0.5872395833333334 0.25787037037037036 0.0067708333333333336 0.012037037037037037
1 0.7067708333333333 0.737962962962963 0.051041666666666666 0.06481481481481481
1 0.9421875 0.8027777777777778 0.04583333333333333 0.04814814814814815
1 0.8875 0.36435185185185187 0.042708333333333334 0.03981481481481482
1 0.94765625 0.3300925925925926 0.06614583333333333 0.08240740740740742
1 0.9768229166666667 0.4273148148148148 0.013020833333333334 0.026851851851851852
1 0.7747395833333334 0.3143518518518519 0.013020833333333334 0.017592592592592594
1 0.9713541666666666 0.4569444444444445 0.028125 0.028703703703703703
1 0.9947916666666666 0.512962962962963 0.010416666666666666 0.022222222222222223
1 0.9111979166666666 0.44953703703703707 0.028645833333333332 0.026851851851851852
1 0.88046875 0.42638888888888893 0.009895833333333333 0.01388888888888889
1 0.9455729166666667 0.4185185185185185 0.009895833333333333 0.014814814814814815
1 0.8502604166666666 0.4064814814814815 0.0078125 0.011111111111111112
1 0.5630208333333333 0.16064814814814815 0.013541666666666667 0.012037037037037037
1 0.85546875 0.8675925925925926 0.04010416666666666 0.061111111111111116
1 0.7486979166666666 0.6407407407407407 0.04010416666666666 0.0462962962962963
1 0.52890625 0.18842592592592594 0.0078125 0.010185185185185186
1 0.44869791666666664 0.05787037037037037 0.0234375 0.02314814814814815
1 0.38203125 0.09675925925925927 0.04010416666666666 0.04537037037037037
1 0.3572916666666667 0.04027777777777778 0.013541666666666667 0.012037037037037037
