0 0.9481770833333333 0.7643518518518518 0.0359375 0.05648148148148149
1 0.6065104166666666 0.6555555555555556 0.03697916666666667 0.031481481481481485
1 0.35963541666666665 0.6310185185185185 0.01614583333333333 0.01388888888888889
1 0.7166666666666667 0.6231481481481481 0.041666666666666664 0.05925925925925926
1 0.728125 0.788425925925926 0.05625 0.08981481481481482
1 0.7466145833333333 0.9550925925925926 0.11197916666666667 0.08981481481481482
1 0.7927083333333333 0.6194444444444445 0.04479166666666667 0.06666666666666667
1 0.6736979166666667 0.48935185185185187 0.0171875 0.015740740740740743
1 0.70078125 0.5111111111111112 0.022395833333333334 0.024074074074074074
1 0.753125 0.5305555555555556 0.017708333333333333 0.012962962962962964
1 0.7302083333333333 0.4666666666666667 0.020833333333333332 0.009259259259259259
1 0.86796875 0.6819444444444445 0.0203125 0.028703703703703703
1 0.9283854166666666 0.5865740740740741 0.14322916666666666 0.14166666666666666
1 0.9523437499999999 0.6986111111111112 0.0953125 0.09166666666666667
1 0.9354166666666667 0.4601851851851852 0.017708333333333333 0.016666666666666666
1 0.8268229166666666 0.47175925925925927 0.0078125 0.015740740740740743
1 0.81484375 0.4138888888888889 0.021354166666666667 0.012962962962962964
1 0.9609375 0.2796296296296296 0.0125 0.009259259259259259
1 0.9046875 0.34861111111111115 0.010416666666666666 0.008333333333333333
