1 0.26927083333333335 0.3662037037037037 0.14583333333333334 0.25462962962962965
1 0.14817708333333332 0.7662037037037037 0.11822916666666666 0.13240740740740742
1 0.10078125 0.9402777777777778 0.10677083333333333 0.10092592592592593
1 0.35182291666666665 0.8157407407407408 0.22239583333333332 0.32037037037037036
1 0.40390624999999997 0.5587962962962963 0.24635416666666665 0.2101851851851852
1 0.4979166666666667 0.300462962962963 0.2895833333333333 0.28611111111111115
1 0.5807291666666666 0.8324074074074075 0.228125 0.3351851851851852
1 0.7817708333333333 0.9370370370370371 0.15 0.12407407407407407
1 0.93984375 0.8481481481481482 0.1203125 0.23333333333333334
1 0.8072916666666666 0.7643518518518518 0.11145833333333333 0.20462962962962963
1 0.8731770833333333 0.5958333333333333 0.0984375 0.08981481481481482
1 0.67734375 0.40925925925925927 0.058854166666666666 0.13148148148148148
1 0.6348958333333333 0.5560185185185186 0.171875 0.1787037037037037
