1 0.19244791666666666 0.22546296296296298 0.0609375 0.07314814814814816
1 0.60078125 0.6148148148148148 0.10052083333333334 0.1537037037037037
1 0.4908854166666667 0.6314814814814815 0.10781249999999999 0.20370370370370372
1 0.5458333333333333 0.44027777777777777 0.06666666666666667 0.06944444444444445
1 0.49244791666666665 0.8763888888888889 0.12135416666666667 0.24722222222222223
1 0.7059895833333333 0.750462962962963 0.10052083333333334 0.10092592592592593
1 0.7434895833333334 0.9125000000000001 0.1109375 0.13055555555555556
1 0.8765625 0.8449074074074074 0.13125 0.2990740740740741
1 0.40546875 0.7060185185185186 0.0609375 0.16018518518518518
1 0.07916666666666666 0.3138888888888889 0.15729166666666666 0.2796296296296296
1 0.14140625 0.7583333333333334 0.2755208333333333 0.48333333333333334
1 0.32421875 0.7560185185185185 0.0828125 0.28425925925925927
1 0.37994791666666666 0.9773148148148149 0.0734375 0.04537037037037037
1 0.31354166666666666 0.32731481481481484 0.08541666666666667 0.13425925925925927
1 0.2546875 0.4759259259259259 0.08958333333333333 0.06851851851851852
1 0.828125 0.35185185185185186 0.11770833333333333 0.14074074074074075
