1 0.36354166666666665 0.6875 0.016666666666666666 0.021296296296296296
1 0.6036458333333333 0.7337962962962963 0.0375 0.04166666666666667
1 0.72734375 0.8819444444444445 0.0484375 0.08240740740740742
1 0.7846354166666667 0.6865740740740741 0.04739583333333333 0.06944444444444445
1 0.9325520833333333 0.6203703703703703 0.13489583333333333 0.16111111111111112
0 0.96484375 0.8314814814814815 0.0359375 0.05185185185185186
1 0.9455729166666667 0.763425925925926 0.10885416666666667 0.11018518518518519
1 0.8765625 0.7648148148148148 0.022916666666666665 0.02962962962962963
1 0.7984375 0.6166666666666667 0.07708333333333334 0.06666666666666667
1 0.6815104166666667 0.5319444444444444 0.01614583333333333 0.017592592592592594
1 0.7018229166666666 0.5606481481481481 0.018229166666666668 0.012037037037037037
1 0.9208333333333333 0.3476851851851852 0.0125 0.019444444444444445
1 0.8239583333333333 0.5319444444444444 0.008333333333333333 0.03796296296296296
1 0.7328125 0.5018518518518519 0.016666666666666666 0.007407407407407408
1 0.8119791666666667 0.45 0.021875 0.012962962962962964
1 0.7213541666666666 0.6819444444444445 0.04375 0.06574074074074074
