1 0.26796875 0.4550925925925926 0.1171875 0.10277777777777779
1 0.3828125 0.7398148148148148 0.036458333333333336 0.04259259259259259
1 0.20598958333333334 0.962037037037037 0.0234375 0.061111111111111116
1 0.2911458333333333 0.8861111111111112 0.01875 0.03518518518518519
1 0.6197916666666666 0.8819444444444445 0.015625 0.015740740740740743
1 0.008333333333333333 0.8324074074074075 0.014583333333333334 0.08333333333333334
1 0.04401041666666666 0.8939814814814815 0.011979166666666666 0.05462962962962963
1 0.4341145833333333 0.8194444444444445 0.013020833333333334 0.016666666666666666
1 0.5908854166666666 0.8050925925925926 0.021354166666666667 0.03796296296296296
1 0.57109375 0.7462962962962963 0.0078125 0.016666666666666666
1 0.065625 0.6314814814814815 0.027083333333333334 0.02777777777777778
1 0.059375 0.5662037037037038 0.011458333333333333 0.019444444444444445
0 0.046614583333333334 0.4828703703703704 0.019270833333333334 0.017592592592592594
