1 0.16458333333333333 0.14212962962962963 0.02395833333333333 0.025
1 0.2838541666666667 0.6537037037037037 0.035416666666666666 0.05925925925925926
1 0.48854166666666665 0.5685185185185185 0.296875 0.46851851851851856
1 0.43333333333333335 0.9018518518518519 0.03125 0.0462962962962963
1 0.6796875 0.913425925925926 0.017708333333333333 0.03796296296296296
1 0.7197916666666666 0.8773148148148149 0.03333333333333333 0.05277777777777778
1 0.6799479166666667 0.7685185185185186 0.08385416666666666 0.1574074074074074
1 0.7161458333333334 0.6398148148148148 0.15833333333333333 0.12037037037037038
1 0.8221354166666667 0.6893518518518519 0.0671875 0.058333333333333334
1 0.8427083333333333 0.8055555555555556 0.05416666666666667 0.1388888888888889
1 0.95390625 0.8606481481481482 0.04010416666666666 0.11574074074074074
1 0.9846354166666667 0.7916666666666667 0.030729166666666665 0.053703703703703705
1 0.8104166666666667 0.9680555555555556 0.034375 0.0638888888888889
1 0.70078125 0.9587962962962964 0.025520833333333333 0.03796296296296296
1 0.68125 0.5037037037037038 0.019791666666666666 0.031481481481481485
1 0.23489583333333333 0.6671296296296296 0.025 0.036111111111111115
1 0.190625 0.7208333333333333 0.026041666666666668 0.03425925925925926
