1 0.4263020833333333 0.6597222222222222 0.5234375 0.2564814814814815
1 0.44453125 0.8671296296296297 0.0609375 0.04351851851851852
1 0.5005208333333333 0.9569444444444445 0.19166666666666665 0.0712962962962963
1 0.7463541666666667 0.8430555555555556 0.022916666666666665 0.030555555555555558
1 0.14348958333333334 0.6652777777777779 0.03802083333333333 0.06944444444444445
1 0.8244791666666667 0.7912037037037037 0.053125 0.026851851851851852
1 0.9080729166666667 0.7555555555555555 0.0828125 0.07777777777777778
1 0.0484375 0.4064814814814815 0.03333333333333333 0.024074074074074074
1 0.5703125 0.49212962962962964 0.016666666666666666 0.021296296296296296
1 0.7723958333333333 0.975925925925926 0.07916666666666666 0.0462962962962963
