1 0.26119791666666664 0.7740740740740741 0.0203125 0.031481481481481485
0 0.8942708333333333 0.9842592592592593 0.026041666666666668 0.02777777777777778
1 0.5098958333333333 0.8699074074074075 0.034375 0.04166666666666667
1 0.6502604166666667 0.8013888888888889 0.049479166666666664 0.07314814814814816
1 0.7127604166666667 0.8097222222222222 0.04739583333333333 0.08240740740740742
1 0.9013020833333333 0.7527777777777778 0.19635416666666666 0.1574074074074074
1 0.6140625 0.6328703703703704 0.017708333333333333 0.02314814814814815
1 0.9036458333333334 0.9115740740740741 0.1375 0.14351851851851852
1 0.8057291666666666 0.9115740740740741 0.025 0.03796296296296296
1 0.9054687499999999 0.6138888888888889 0.022395833333333334 0.03518518518518519
1 0.7140625 0.6782407407407408 0.0375 0.05462962962962963
1 0.8890625 0.42453703703703705 0.026041666666666668 0.026851851851851852
