1 0.2296875 0.7148148148148148 0.38645833333333335 0.29444444444444445
1 0.7643229166666666 0.7578703703703704 0.10052083333333334 0.11574074074074074
1 0.49140625 0.32222222222222224 0.05677083333333333 0.05185185185185186
1 0.8729166666666667 0.8083333333333333 0.09375 0.2796296296296296
1 0.48541666666666666 0.6856481481481482 0.16354166666666667 0.13055555555555556
1 0.6578125 0.5685185185185185 0.017708333333333333 0.024074074074074074
1 0.3416666666666667 0.3824074074074074 0.15520833333333334 0.12222222222222223
1 0.8002604166666667 0.6222222222222222 0.04010416666666666 0.03888888888888889
1 0.37473958333333335 0.27314814814814814 0.0703125 0.0462962962962963
1 0.93125 0.2740740740740741 0.027083333333333334 0.031481481481481485
1 0.11354166666666667 0.48240740740740745 0.11354166666666667 0.07777777777777778
