1 0.16171875 0.6726851851851852 0.06302083333333333 0.09351851851851853
1 0.07630208333333333 0.8240740740740741 0.0671875 0.06666666666666667
1 0.04479166666666667 0.6625 0.019791666666666666 0.019444444444444445
1 0.23567708333333334 0.8495370370370371 0.0265625 0.026851851851851852
1 0.32578125 0.5546296296296297 0.033854166666666664 0.04259259259259259
1 0.3890625 0.6300925925925926 0.051041666666666666 0.06018518518518519
1 0.35859375 0.6944444444444444 0.0265625 0.0462962962962963
1 0.2830729166666667 0.7611111111111112 0.0140625 0.037037037037037035
1 0.37604166666666666 0.8083333333333333 0.017708333333333333 0.024074074074074074
1 0.4140625 0.8328703703703704 0.022916666666666665 0.036111111111111115
1 0.2817708333333333 0.9745370370370371 0.059375 0.03796296296296296
1 0.5216145833333333 0.39583333333333337 0.019270833333333334 0.026851851851851852
1 0.5080729166666667 0.7837962962962963 0.034895833333333334 0.04722222222222222
1 0.5559895833333334 0.8152777777777778 0.033854166666666664 0.058333333333333334
1 0.4869791666666667 0.8902777777777778 0.028125 0.06944444444444445
1 0.7997395833333333 0.8203703703703704 0.0390625 0.07592592592592592
1 0.7549479166666666 0.9500000000000001 0.04010416666666666 0.05
1 0.91015625 0.7972222222222223 0.0296875 0.05740740740740741
1 0.9361979166666666 0.8736111111111111 0.0390625 0.062037037037037036
1 0.9203125 0.9537037037037037 0.08125 0.09074074074074075
1 0.6268229166666667 0.8416666666666667 0.0359375 0.031481481481481485
1 0.69453125 0.5106481481481482 0.021354166666666667 0.03425925925925926
1 0.7026041666666667 0.8143518518518519 0.029166666666666667 0.04537037037037037
1 0.59765625 0.9208333333333334 0.08489583333333334 0.13425925925925927
1 0.5341145833333333 0.3148148148148148 0.021354166666666667 0.04259259259259259
1 0.6302083333333334 0.27685185185185185 0.022916666666666665 0.02962962962962963
1 0.4484375 0.20740740740740743 0.021875 0.024074074074074074
1 0.41640625 0.9703703703703704 0.021354166666666667 0.04259259259259259
1 0.33958333333333335 0.9837962962962963 0.017708333333333333 0.032407407407407406
1 0.5028645833333333 0.5319444444444444 0.0109375 0.015740740740740743
1 0.41901041666666666 0.14074074074074075 0.008854166666666666 0.011111111111111112
