1 0.048177083333333336 0.3736111111111111 0.0953125 0.27314814814814814
1 0.03854166666666667 0.6041666666666667 0.07395833333333333 0.11944444444444445
1 0.17630208333333333 0.5388888888888889 0.23906249999999998 0.17962962962962964
1 0.146875 0.7875 0.28854166666666664 0.30092592592592593
1 0.38177083333333334 0.8101851851851852 0.20520833333333333 0.37962962962962965
1 0.5947916666666666 0.8736111111111111 0.11770833333333333 0.23425925925925928
1 0.5244791666666666 0.6907407407407408 0.078125 0.13703703703703704
1 0.7216145833333333 0.6370370370370371 0.11197916666666667 0.10925925925925926
1 0.6192708333333333 0.6791666666666667 0.078125 0.06759259259259259
1 0.3302083333333333 0.18425925925925926 0.06145833333333333 0.06296296296296297
1 0.22213541666666667 0.20370370370370372 0.09322916666666667 0.12222222222222223
1 0.14583333333333334 0.18101851851851852 0.06875 0.17500000000000002
1 0.18541666666666667 0.34120370370370373 0.12916666666666665 0.14537037037037037
1 0.37265625 0.5231481481481481 0.13489583333333333 0.10555555555555556
1 0.4432291666666667 0.3125 0.07916666666666666 0.1175925925925926
1 0.6645833333333333 0.4486111111111111 0.053125 0.08981481481481482
1 0.8216145833333334 0.788425925925926 0.1140625 0.10462962962962963
1 0.85390625 0.9421296296296297 0.13385416666666666 0.11388888888888889
1 0.9669270833333333 0.8675925925925926 0.06614583333333333 0.23333333333333334
1 0.9528645833333333 0.40925925925925927 0.09427083333333333 0.1425925925925926
1 0.48333333333333334 0.9750000000000001 0.07083333333333333 0.05
1 0.39609375 0.4361111111111111 0.09114583333333333 0.08148148148148149
