1 0.6450520833333333 0.888425925925926 0.0484375 0.08425925925925926
1 0.7065104166666667 0.900462962962963 0.0484375 0.10277777777777779
1 0.9015624999999999 0.8699074074074075 0.196875 0.2564814814814815
1 0.6166666666666667 0.7296296296296296 0.04375 0.08148148148148149
1 0.4903645833333333 0.9717592592592593 0.0421875 0.036111111111111115
1 0.8934895833333333 0.47222222222222227 0.027604166666666666 0.02962962962962963
1 0.77578125 0.6916666666666667 0.04010416666666666 0.061111111111111116
1 0.71484375 0.7550925925925926 0.0390625 0.06944444444444445
1 0.9208333333333333 0.6814814814814815 0.025 0.044444444444444446
1 0.23177083333333334 0.8694444444444445 0.017708333333333333 0.02962962962962963
