1 0.5184895833333333 0.7842592592592593 0.0234375 0.07962962962962963
1 0.7583333333333333 0.8074074074074075 0.04895833333333333 0.06296296296296297
1 0.5700520833333333 0.48935185185185187 0.0296875 0.08055555555555556
1 0.52265625 0.075 0.024479166666666666 0.024074074074074074
1 0.45546875 0.11018518518518519 0.04114583333333333 0.022222222222222223
1 0.3346354166666667 0.21666666666666667 0.15989583333333332 0.09444444444444444
1 0.20885416666666667 0.2712962962962963 0.034375 0.02777777777777778
1 0.16536458333333334 0.33194444444444443 0.03177083333333333 0.02314814814814815
1 0.06640625 0.3013888888888889 0.024479166666666666 0.021296296296296296
1 0.10416666666666667 0.20833333333333334 0.010416666666666666 0.011111111111111112
1 0.7786458333333334 0.5106481481481482 0.026041666666666668 0.03425925925925926
1 0.7859375 0.3472222222222222 0.02395833333333333 0.020370370370370372
1 0.6606770833333333 0.300462962962963 0.008854166666666666 0.012037037037037037
1 0.646875 0.3162037037037037 0.013541666666666667 0.01388888888888889
1 0.70703125 0.26296296296296295 0.027604166666666666 0.018518518518518517
1 0.5075520833333333 0.23287037037037037 0.08489583333333334 0.03425925925925926
1 0.44244791666666666 0.2611111111111111 0.03697916666666667 0.02962962962962963
1 0.9708333333333333 0.4351851851851852 0.052083333333333336 0.03888888888888889
1 0.8575520833333333 0.3509259259259259 0.04010416666666666 0.037037037037037035
1 0.78203125 0.3995370370370371 0.013020833333333334 0.008333333333333333
1 0.96484375 0.48842592592592593 0.013020833333333334 0.01388888888888889
1 0.9864583333333333 0.55 0.01875 0.024074074074074074
1 0.9880208333333333 0.5231481481481481 0.008333333333333333 0.011111111111111112
1 0.92265625 0.4587962962962963 0.0078125 0.010185185185185186
1 0.9322916666666666 0.475462962962963 0.010416666666666666 0.01388888888888889
1 0.9869791666666666 0.8953703703703704 0.026041666666666668 0.05925925925925926
1 0.8966145833333333 0.9416666666666667 0.0203125 0.02962962962962963
1 0.3911458333333333 0.09861111111111112 0.019791666666666666 0.010185185185185186
1 0.39036458333333335 0.13518518518518519 0.030729166666666665 0.009259259259259259
1 0.47291666666666665 0.1486111111111111 0.00625 0.010185185185185186
1 0.84921875 0.047685185185185185 0.0203125 0.017592592592592594
1 0.7541666666666667 0.47500000000000003 0.06666666666666667 0.03333333333333333
