1 0.14270833333333333 0.0625 0.034375 0.03425925925925926
1 0.23671875 0.6453703703703704 0.0359375 0.053703703703703705
1 0.3341145833333333 0.7268518518518519 0.025520833333333333 0.061111111111111116
1 0.2830729166666667 0.7935185185185185 0.019270833333333334 0.04814814814814815
1 0.365625 0.8495370370370371 0.035416666666666666 0.08425925925925926
1 0.4505208333333333 0.9532407407407407 0.06770833333333333 0.06944444444444445
1 0.5296875 0.9157407407407407 0.04895833333333333 0.1
1 0.75 0.9370370370370371 0.07708333333333334 0.10370370370370371
1 0.8997395833333334 0.8412037037037038 0.08072916666666667 0.18981481481481483
1 0.8395833333333333 0.6893518518518519 0.06875 0.08425925925925926
1 0.5528645833333333 0.4865740740740741 0.45989583333333334 0.4398148148148148
1 0.5328125 0.7625000000000001 0.125 0.11574074074074074
1 0.6208333333333333 0.8208333333333334 0.04583333333333333 0.07314814814814816
1 0.7130208333333333 0.8069444444444445 0.08645833333333333 0.18055555555555555
1 0.98828125 0.9078703703703704 0.0203125 0.18425925925925926
