0 0.21927083333333333 0.31203703703703706 0.042708333333333334 0.06481481481481481
0 0.24270833333333333 0.46944444444444444 0.05625 0.044444444444444446
0 0.42083333333333334 0.5694444444444444 0.053125 0.06296296296296297
0 0.24661458333333333 0.7296296296296296 0.0296875 0.08888888888888889
0 0.27057291666666666 0.6166666666666667 0.05572916666666666 0.06481481481481481
0 0.7361979166666667 0.25601851851851853 0.0234375 0.08055555555555556
0 0.7986979166666667 0.30092592592592593 0.0484375 0.09074074074074075
0 0.8049479166666667 0.7083333333333334 0.0453125 0.07962962962962963
0 0.7067708333333333 0.8101851851851852 0.057291666666666664 0.07777777777777778
0 0.35703125 0.8050925925925926 0.0484375 0.075
