0 0.10130208333333333 0.31157407407407406 0.0296875 0.09537037037037037
0 0.13984375 0.3666666666666667 0.030729166666666665 0.07407407407407407
0 0.19765625 0.05185185185185186 0.04010416666666666 0.05925925925925926
0 0.47578125 0.8791666666666667 0.028645833333333332 0.09722222222222222
0 0.60625 0.3907407407407408 0.040625 0.05925925925925926
0 0.5830729166666666 0.2606481481481482 0.04635416666666667 0.03796296296296296
0 0.8020833333333334 0.19583333333333333 0.051041666666666666 0.049074074074074076
0 0.4479166666666667 0.16990740740740742 0.041666666666666664 0.05462962962962963
0 0.503125 0.04259259259259259 0.046875 0.04814814814814815
0 0.55859375 0.15601851851851853 0.03802083333333333 0.049074074074074076
0 0.5763020833333333 0.09166666666666667 0.0234375 0.05925925925925926
0 0.28489583333333335 0.017592592592592594 0.053125 0.031481481481481485
