1 0.56328125 0.763425925925926 0.0234375 0.04166666666666667
1 0.3575520833333333 0.5194444444444445 0.0453125 0.0462962962962963
1 0.3729166666666667 0.7703703703703704 0.013541666666666667 0.014814814814814815
1 0.7984375 0.887962962962963 0.027083333333333334 0.053703703703703705
1 0.15729166666666666 0.6689814814814815 0.015625 0.008333333333333333
1 0.23307291666666666 0.788425925925926 0.008854166666666666 0.019444444444444445
1 0.13489583333333333 0.7611111111111112 0.020833333333333332 0.03888888888888889
1 0.2526041666666667 0.6902777777777778 0.029166666666666667 0.025
1 0.17239583333333333 0.6736111111111112 0.00625 0.010185185185185186
1 0.18697916666666667 0.875462962962963 0.010416666666666666 0.01388888888888889
0 0.13984375 0.8865740740740741 0.0171875 0.02314814814814815
1 0.023697916666666666 0.5606481481481481 0.009895833333333333 0.008333333333333333
1 0.09817708333333333 0.6138888888888889 0.0109375 0.007407407407407408
1 0.08046875 0.5541666666666667 0.0078125 0.012037037037037037
1 0.16979166666666667 0.5412037037037037 0.010416666666666666 0.012037037037037037
1 0.21640625 0.5550925925925926 0.009895833333333333 0.010185185185185186
1 0.12864583333333332 0.562962962962963 0.016666666666666666 0.020370370370370372
1 0.05677083333333333 0.5300925925925926 0.016666666666666666 0.015740740740740743
1 0.06067708333333333 0.6351851851851852 0.024479166666666666 0.03333333333333333
1 0.32135416666666666 0.9291666666666667 0.022916666666666665 0.03981481481481482
1 0.15364583333333334 0.9449074074074074 0.019791666666666666 0.017592592592592594
1 0.14583333333333334 0.9824074074074074 0.009375 0.018518518518518517
1 0.10546875 0.8736111111111111 0.024479166666666666 0.03425925925925926
1 0.2765625 0.6226851851851852 0.0125 0.025
1 0.10364583333333333 0.4638888888888889 0.03854166666666667 0.02777777777777778
1 0.29296875 0.6476851851851853 0.008854166666666666 0.017592592592592594
1 0.23697916666666666 0.6555555555555556 0.00625 0.011111111111111112
1 0.27682291666666664 0.6675925925925926 0.0078125 0.009259259259259259
