1 0.07708333333333334 0.6814814814814815 0.07291666666666667 0.0925925925925926
1 0.8067708333333333 0.850462962962963 0.03229166666666666 0.05648148148148149
1 0.390625 0.9199074074074074 0.028125 0.05648148148148149
1 0.428125 0.40231481481481485 0.025 0.05277777777777778
1 0.28932291666666665 0.8314814814814815 0.0203125 0.024074074074074074
1 0.32421875 0.851388888888889 0.0234375 0.03425925925925926
1 0.5010416666666666 0.9319444444444445 0.0875 0.13611111111111113
1 0.41562499999999997 0.8064814814814815 0.0375 0.061111111111111116
1 0.24348958333333334 0.5694444444444444 0.03177083333333333 0.05
1 0.30052083333333335 0.6532407407407408 0.04479166666666667 0.05462962962962963
1 0.19557291666666665 0.7736111111111111 0.0234375 0.025
1 0.40182291666666664 0.7240740740740741 0.04114583333333333 0.05185185185185186
1 0.60859375 0.5282407407407408 0.0234375 0.036111111111111115
1 0.6559895833333333 0.9824074074074074 0.0390625 0.03518518518518519
1 0.81875 0.975925925925926 0.065625 0.04814814814814815
1 0.8283854166666667 0.9166666666666667 0.04635416666666667 0.05925925925925926
1 0.6986979166666667 0.8518518518518519 0.0421875 0.07222222222222223
1 0.4557291666666667 0.8305555555555556 0.035416666666666666 0.06296296296296297
1 0.4322916666666667 0.9328703703703705 0.028125 0.075
1 0.6028645833333334 0.8425925925925927 0.034895833333333334 0.05
1 0.57265625 0.9106481481481482 0.0421875 0.08055555555555556
1 0.7455729166666667 0.7537037037037038 0.034895833333333334 0.044444444444444446
1 0.5333333333333333 0.38657407407407407 0.010416666666666666 0.01388888888888889
1 0.4966145833333333 0.44583333333333336 0.0109375 0.012037037037037037
1 0.41432291666666665 0.5444444444444445 0.0109375 0.009259259259259259
1 0.5393229166666667 0.30092592592592593 0.009895833333333333 0.018518518518518517
1 0.45 0.33333333333333337 0.020833333333333332 0.05
1 0.37135416666666665 0.21805555555555556 0.02395833333333333 0.026851851851851852
1 0.3190104166666667 0.41111111111111115 0.011979166666666666 0.014814814814814815
1 0.37916666666666665 0.9782407407407407 0.021875 0.03425925925925926
1 0.2765625 0.9208333333333334 0.011458333333333333 0.017592592592592594
1 0.34765625 0.7166666666666667 0.011979166666666666 0.02592592592592593
1 0.39166666666666666 0.1574074074074074 0.007291666666666667 0.011111111111111112
1 0.346875 0.1527777777777778 0.009375 0.007407407407407408
1 0.6825520833333333 0.6555555555555556 0.0171875 0.02962962962962963
1 0.6088541666666667 0.7138888888888889 0.008333333333333333 0.012962962962962964
1 0.6096354166666667 0.7939814814814815 0.0109375 0.01388888888888889
1 0.6697916666666667 0.4222222222222222 0.015625 0.018518518518518517
1 0.8802083333333334 0.85 0.013541666666666667 0.016666666666666666
1 0.99296875 0.9833333333333334 0.0140625 0.024074074074074074
1 0.959375 0.9199074074074074 0.007291666666666667 0.012037037037037037
