1 0.22864583333333333 0.7351851851851852 0.18958333333333333 0.2796296296296296
1 0.25677083333333334 0.9277777777777778 0.15625 0.0925925925925926
1 0.075 0.9375 0.07916666666666666 0.125
1 0.025520833333333333 0.7018518518518518 0.041666666666666664 0.13518518518518519
1 0.16354166666666667 0.35370370370370374 0.07604166666666666 0.09814814814814815
1 0.3971354166666667 0.34814814814814815 0.11510416666666666 0.1685185185185185
1 0.5390625 0.34444444444444444 0.034375 0.10185185185185186
1 0.65 0.3236111111111111 0.0375 0.04166666666666667
1 0.6625 0.4930555555555556 0.18854166666666666 0.25462962962962965
1 0.5197916666666667 0.5083333333333333 0.10208333333333333 0.17222222222222222
1 0.56953125 0.7592592592592593 0.11614583333333334 0.15555555555555556
1 0.7578125 0.8018518518518519 0.04479166666666667 0.07777777777777778
1 0.7713541666666667 0.6180555555555556 0.036458333333333336 0.08425925925925926
1 0.3950520833333333 0.9495370370370371 0.057812499999999996 0.09537037037037037
