0 0.21302083333333333 0.9300925925925926 0.040625 0.05648148148148149
0 0.86796875 0.48333333333333334 0.030729166666666665 0.02962962962962963
0 0.5078125 0.8662037037037037 0.040625 0.04537037037037037
0 0.6419270833333334 0.8199074074074074 0.0390625 0.04722222222222222
0 0.6346354166666667 0.6199074074074075 0.0328125 0.03796296296296296
0 0.46484375 0.737962962962963 0.04114583333333333 0.03888888888888889
0 0.2635416666666667 0.575925925925926 0.029166666666666667 0.037037037037037035
0 0.6723958333333333 0.5106481481481482 0.016666666666666666 0.04537037037037037
0 0.7020833333333333 0.5194444444444445 0.01875 0.0462962962962963
0 0.6890625 0.6041666666666667 0.026041666666666668 0.036111111111111115
0 0.403125 0.5189814814814815 0.025 0.03425925925925926
0 0.46510416666666665 0.6148148148148148 0.028125 0.03518518518518519
0 0.5013020833333334 0.5694444444444444 0.0296875 0.03333333333333333
0 0.4713541666666667 0.43703703703703706 0.016666666666666666 0.02962962962962963
0 0.40911458333333334 0.6037037037037037 0.015104166666666667 0.02962962962962963
0 0.41354166666666664 0.5476851851851852 0.029166666666666667 0.026851851851851852
0 0.42604166666666665 0.5796296296296296 0.03333333333333333 0.02777777777777778
