1 0.12916666666666665 0.7199074074074074 0.13020833333333334 0.13240740740740742
1 0.07578125 0.8856481481481482 0.08802083333333333 0.10092592592592593
1 0.3026041666666667 0.7662037037037037 0.21666666666666667 0.2972222222222222
1 0.4630208333333333 0.2111111111111111 0.24166666666666667 0.27592592592592596
1 0.24557291666666667 0.30648148148148147 0.15989583333333332 0.2740740740740741
1 0.37994791666666666 0.5148148148148148 0.26510416666666664 0.21481481481481482
1 0.18697916666666667 0.5222222222222223 0.13020833333333334 0.1462962962962963
1 0.5479166666666666 0.8111111111111111 0.2791666666666667 0.37777777777777777
1 0.5864583333333333 0.5171296296296296 0.13645833333333332 0.19351851851851853
1 0.6583333333333333 0.3421296296296296 0.07083333333333333 0.14722222222222223
1 0.7708333333333334 0.912962962962963 0.12291666666666666 0.17407407407407408
1 0.76953125 0.712962962962963 0.14635416666666667 0.17222222222222222
1 0.9151041666666666 0.7291666666666667 0.109375 0.11388888888888889
1 0.9794270833333333 0.888888888888889 0.04114583333333333 0.07962962962962963
1 0.865625 0.5351851851851852 0.06875 0.09074074074074075
1 0.2903645833333333 0.07314814814814816 0.0390625 0.12222222222222223
