1 0.46979166666666666 0.40740740740740744 0.052083333333333336 0.10555555555555556
1 0.4002604166666667 0.32916666666666666 0.07552083333333333 0.1175925925925926
1 0.2864583333333333 0.18703703703703706 0.07291666666666667 0.07592592592592592
1 0.29973958333333334 0.375 0.11614583333333334 0.22037037037037038
1 0.4908854166666667 0.5791666666666667 0.0296875 0.05277777777777778
1 0.3411458333333333 0.650462962962963 0.035416666666666666 0.06574074074074074
1 0.27239583333333334 0.7388888888888889 0.026041666666666668 0.05185185185185186
1 0.05416666666666667 0.3351851851851852 0.10729166666666666 0.17407407407407408
1 0.19348958333333333 0.26435185185185184 0.03697916666666667 0.10833333333333334
1 0.15911458333333334 0.39166666666666666 0.0484375 0.08703703703703704
1 0.03567708333333333 0.8944444444444445 0.0703125 0.2
1 0.171875 0.9560185185185186 0.075 0.08796296296296297
1 0.3098958333333333 0.9425925925925926 0.052083333333333336 0.11481481481481481
1 0.33203125 0.8648148148148148 0.09322916666666667 0.21666666666666667
1 0.6981770833333333 0.08981481481481482 0.04739583333333333 0.08333333333333334
1 0.7455729166666667 0.10740740740740741 0.030729166666666665 0.07407407407407407
