1 0.46249999999999997 0.4949074074074074 0.28541666666666665 0.3138888888888889
1 0.5755208333333334 0.8106481481481482 0.2583333333333333 0.17500000000000002
1 0.5861979166666667 0.6916666666666667 0.06614583333333333 0.07222222222222223
1 0.6770833333333334 0.5550925925925926 0.052083333333333336 0.04166666666666667
1 0.6841145833333333 0.6652777777777779 0.0328125 0.06944444444444445
1 0.7557291666666667 0.6685185185185185 0.03229166666666666 0.07592592592592592
1 0.87734375 0.8064814814814815 0.04739583333333333 0.12407407407407407
1 0.7932291666666667 0.8708333333333333 0.08541666666666667 0.0712962962962963
1 0.671875 0.9689814814814816 0.08229166666666667 0.062037037037037036
1 0.9091145833333333 0.6296296296296297 0.058854166666666666 0.06481481481481481
