1 0.09427083333333333 0.020370370370370372 0.03229166666666666 0.03888888888888889
1 0.18255208333333334 0.6125 0.04010416666666666 0.05648148148148149
1 0.12942708333333333 0.6796296296296297 0.022395833333333334 0.061111111111111116
1 0.22890625 0.7907407407407407 0.03177083333333333 0.06296296296296297
1 0.2838541666666667 0.7092592592592593 0.026041666666666668 0.06481481481481481
1 0.4557291666666667 0.45462962962962966 0.353125 0.4444444444444445
1 0.5125 0.7476851851851852 0.21770833333333334 0.14537037037037037
1 0.4640625 0.9356481481481482 0.12291666666666666 0.075
1 0.6893229166666667 0.7675925925925926 0.10781249999999999 0.20555555555555557
1 0.7333333333333333 0.9240740740740742 0.06041666666666667 0.11111111111111112
1 0.9026041666666667 0.8388888888888889 0.090625 0.1462962962962963
1 0.828125 0.637962962962963 0.084375 0.07037037037037037
1 0.8856770833333333 0.7361111111111112 0.030729166666666665 0.06296296296296297
1 0.7317708333333334 0.6050925925925926 0.0875 0.13425925925925927
