1 0.45 0.8300925925925926 0.030208333333333334 0.10092592592592593
1 0.6981770833333333 0.813425925925926 0.057812499999999996 0.0712962962962963
1 0.49765624999999997 0.48240740740740745 0.034895833333333334 0.08703703703703704
1 0.9541666666666666 0.8865740740740741 0.05 0.05648148148148149
1 0.25 0.2013888888888889 0.15625 0.1212962962962963
1 0.88828125 0.3912037037037037 0.03697916666666667 0.04166666666666667
1 0.7002604166666666 0.500462962962963 0.027604166666666666 0.03796296296296296
1 0.5682291666666667 0.42314814814814816 0.028125 0.02777777777777778
1 0.08463541666666667 0.3541666666666667 0.027604166666666666 0.04351851851851852
1 0.11875 0.26481481481481484 0.03229166666666666 0.037037037037037035
1 0.62265625 0.23703703703703705 0.028645833333333332 0.02592592592592593
1 0.7630208333333334 0.01712962962962963 0.025 0.02314814814814815
1 0.4361979166666667 0.0462962962962963 0.022395833333333334 0.022222222222222223
1 0.37265625 0.08333333333333334 0.04114583333333333 0.024074074074074074
1 0.3046875 0.0763888888888889 0.01875 0.01388888888888889
1 0.29453125 0.10833333333333334 0.022395833333333334 0.009259259259259259
1 0.346875 0.25972222222222224 0.019791666666666666 0.021296296296296296
1 0.41484375 0.22453703703703703 0.0734375 0.04166666666666667
1 0.28359375 0.06712962962962964 0.0171875 0.010185185185185186
1 0.2109375 0.044444444444444446 0.008333333333333333 0.007407407407407408
1 0.026302083333333334 0.4398148148148148 0.0515625 0.05925925925925926
1 0.7138020833333333 0.3314814814814815 0.025520833333333333 0.020370370370370372
1 0.5575520833333333 0.29444444444444445 0.018229166666666668 0.014814814814814815
1 0.5479166666666666 0.19166666666666668 0.014583333333333334 0.011111111111111112
1 0.5716145833333334 0.27870370370370373 0.0078125 0.012962962962962964
1 0.6794270833333333 0.46574074074074073 0.0640625 0.03333333333333333
1 0.6809895833333334 0.25324074074074077 0.0109375 0.012037037037037037
1 0.6846354166666666 0.3023148148148148 0.0265625 0.032407407407407406
1 0.78046875 0.3226851851851852 0.034895833333333334 0.028703703703703703
1 0.7747395833333334 0.3421296296296296 0.013020833333333334 0.01388888888888889
1 0.7395833333333334 0.3611111111111111 0.010416666666666666 0.012962962962962964
1 0.7080729166666666 0.39861111111111114 0.0109375 0.012037037037037037
1 0.5763020833333333 0.3601851851851852 0.0265625 0.024074074074074074
1 0.7479166666666667 0.7115740740740741 0.040625 0.05277777777777778
1 0.8916666666666666 0.4564814814814815 0.015625 0.014814814814814815
1 0.9888020833333333 0.45925925925925926 0.015104166666666667 0.02592592592592593
1 0.9546875 0.35462962962962963 0.0625 0.08148148148148149
1 0.9263020833333333 0.49212962962962964 0.03697916666666667 0.062037037037037036
1 0.9874999999999999 0.5560185185185186 0.025 0.015740740740740743
1 0.996875 0.5962962962962963 0.00625 0.014814814814814815
1 0.8309895833333333 0.2111111111111111 0.013020833333333334 0.012962962962962964
1 0.7190104166666667 0.5342592592592593 0.013020833333333334 0.020370370370370372
1 0.75234375 0.4425925925925926 0.03697916666666667 0.02592592592592593
1 0.7513020833333334 0.48194444444444445 0.0328125 0.03425925925925926
1 0.85234375 0.4365740740740741 0.025520833333333333 0.028703703703703703
1 0.8520833333333333 0.9606481481481481 0.028125 0.062037037037037036
