1 0.146875 0.6708333333333334 0.12604166666666666 0.14722222222222223
1 0.09869791666666666 0.8703703703703703 0.09322916666666667 0.08518518518518518
1 0.1953125 0.9092592592592593 0.040625 0.09814814814814815
1 0.2557291666666667 0.7736111111111111 0.03125 0.10092592592592593
1 0.315625 0.950462962962963 0.053125 0.05092592592592593
1 0.4796875 0.19490740740740742 0.234375 0.2953703703703704
1 0.2661458333333333 0.2791666666666667 0.15625 0.2564814814814815
1 0.21484375 0.4967592592592593 0.1640625 0.16574074074074074
1 0.4875 0.6018518518518519 0.37395833333333334 0.49074074074074076
1 0.5708333333333333 0.925462962962963 0.2375 0.14907407407407408
1 0.7794270833333333 0.8962962962962964 0.13385416666666666 0.20740740740740743
1 0.7783854166666666 0.674074074074074 0.19114583333333332 0.18333333333333335
1 0.9294270833333333 0.7138888888888889 0.10885416666666667 0.1277777777777778
1 0.984375 0.8486111111111111 0.029166666666666667 0.06944444444444445
1 0.86953125 0.4981481481481482 0.0953125 0.07222222222222223
1 0.6731770833333334 0.3 0.06302083333333333 0.1425925925925926
1 0.11223958333333334 0.2967592592592593 0.04010416666666666 0.05648148148148149
