1 0.2947916666666667 0.7611111111111112 0.016666666666666666 0.03333333333333333
1 0.31744791666666666 0.9050925925925927 0.021354166666666667 0.05277777777777778
1 0.371875 0.9574074074074075 0.016666666666666666 0.031481481481481485
1 0.8895833333333333 0.9726851851851852 0.027083333333333334 0.05277777777777778
1 0.9770833333333333 0.888425925925926 0.027083333333333334 0.05277777777777778
1 0.9453125 0.8944444444444445 0.017708333333333333 0.031481481481481485
1 0.9268229166666666 0.9898148148148148 0.018229166666666668 0.020370370370370372
1 0.71796875 0.8699074074074075 0.0171875 0.03796296296296296
1 0.6385416666666667 0.862037037037037 0.015625 0.02592592592592593
1 0.8638020833333333 0.9212962962962963 0.013020833333333334 0.02962962962962963
1 0.18880208333333334 0.8083333333333333 0.018229166666666668 0.031481481481481485
1 0.953125 0.650462962962963 0.01875 0.026851851851851852
