1 0.04479166666666667 0.39166666666666666 0.0875 0.18703703703703706
1 0.022916666666666665 0.9300925925925926 0.04479166666666667 0.10277777777777779
1 0.13125 0.4412037037037037 0.059375 0.09166666666666667
1 0.1765625 0.31712962962962965 0.05416666666666667 0.08425925925925926
1 0.32734375 0.3601851851851852 0.19739583333333333 0.09814814814814815
1 0.27760416666666665 0.23333333333333334 0.08854166666666667 0.0462962962962963
1 0.24322916666666666 0.4990740740740741 0.11666666666666667 0.09444444444444444
1 0.346875 0.4851851851851852 0.0375 0.06296296296296297
1 0.45338541666666665 0.4569444444444445 0.04010416666666666 0.0787037037037037
1 0.48359375 0.6356481481481482 0.027604166666666666 0.05277777777777778
1 0.26171875 0.7967592592592593 0.030729166666666665 0.05092592592592593
1 0.3299479166666667 0.7106481481481481 0.0390625 0.05092592592592593
1 0.3125 0.9171296296296296 0.096875 0.16574074074074074
1 0.6830729166666667 0.12314814814814816 0.04010416666666666 0.07962962962962963
1 0.7309895833333333 0.12453703703703704 0.024479166666666666 0.06944444444444445
