1 0.32369791666666664 0.49074074074074076 0.19739583333333333 0.09814814814814815
1 0.24114583333333334 0.6268518518518519 0.12916666666666665 0.0925925925925926
1 0.4513020833333333 0.575925925925926 0.04739583333333333 0.08518518518518518
1 0.16979166666666667 0.4430555555555556 0.034375 0.10092592592592593
1 0.2635416666666667 0.35879629629629634 0.07708333333333334 0.06759259259259259
1 0.03802083333333333 0.5222222222222223 0.075 0.18703703703703706
1 0.12135416666666667 0.5787037037037037 0.071875 0.09074074074074075
1 0.3223958333333333 0.8495370370370371 0.041666666666666664 0.058333333333333334
1 0.25286458333333334 0.9430555555555556 0.03697916666666667 0.062037037037037036
1 0.47890625 0.7685185185185186 0.03177083333333333 0.05185185185185186
1 0.6817708333333333 0.23935185185185187 0.04479166666666667 0.08055555555555556
1 0.7276041666666666 0.2518518518518519 0.036458333333333336 0.07962962962962963
