1 0.30494791666666665 0.8087962962962963 0.027604166666666666 0.05648148148148149
1 0.28046875 0.6685185185185185 0.01614583333333333 0.02962962962962963
1 0.61484375 0.7578703703703704 0.015104166666666667 0.030555555555555558
1 0.88671875 0.862962962962963 0.019270833333333334 0.03518518518518519
1 0.9380208333333333 0.763425925925926 0.03229166666666666 0.05092592592592593
1 0.8307291666666666 0.8 0.017708333333333333 0.02777777777777778
1 0.8552083333333333 0.8481481481481482 0.019791666666666666 0.031481481481481485
1 0.35859375 0.8546296296296296 0.019270833333333334 0.03518518518518519
1 0.17135416666666667 0.7208333333333333 0.017708333333333333 0.04166666666666667
1 0.915625 0.525462962962963 0.019791666666666666 0.028703703703703703
