0 0.2700520833333333 0.7111111111111111 0.033854166666666664 0.04259259259259259
0 0.2986979166666667 0.46805555555555556 0.024479166666666666 0.026851851851851852
0 0.47630208333333335 0.3625 0.01614583333333333 0.025
0 0.41640625 0.4236111111111111 0.0234375 0.028703703703703703
0 0.4270833333333333 0.4481481481481482 0.029166666666666667 0.02592592592592593
0 0.4263020833333333 0.4865740740740741 0.0140625 0.030555555555555558
0 0.4375 0.4708333333333333 0.020833333333333332 0.019444444444444445
0 0.44088541666666664 0.7726851851851853 0.033854166666666664 0.03796296296296296
0 0.50546875 0.6717592592592593 0.03177083333333333 0.03425925925925926
0 0.47213541666666664 0.587037037037037 0.0296875 0.024074074074074074
0 0.4700520833333333 0.49768518518518523 0.021354166666666667 0.026851851851851852
0 0.6177083333333333 0.5013888888888889 0.028125 0.02314814814814815
0 0.6158854166666666 0.6416666666666667 0.028645833333333332 0.02962962962962963
0 0.6625 0.487962962962963 0.019791666666666666 0.02592592592592593
0 0.6786458333333333 0.42685185185185187 0.021875 0.031481481481481485
0 0.6518229166666667 0.4203703703703704 0.013020833333333334 0.02777777777777778
0 0.5018229166666667 0.46435185185185185 0.022395833333333334 0.025
0 0.8244791666666667 0.4027777777777778 0.027083333333333334 0.02962962962962963
