0 0.5770833333333333 0.8185185185185185 0.029166666666666667 0.09074074074074075
0 0.690625 0.3578703703703704 0.04375 0.05648148148148149
0 0.240625 0.32407407407407407 0.035416666666666666 0.08148148148148149
0 0.20052083333333334 0.275 0.034375 0.08333333333333334
0 0.5330729166666667 0.14305555555555557 0.0390625 0.05648148148148149
0 0.28880208333333335 0.02777777777777778 0.03802083333333333 0.04814814814814815
0 0.5830729166666666 0.01990740740740741 0.034895833333333334 0.03796296296296296
0 0.6546875 0.07083333333333333 0.02395833333333333 0.058333333333333334
0 0.6408854166666667 0.12962962962962962 0.04114583333333333 0.0462962962962963
0 0.6671875 0.23055555555555557 0.04583333333333333 0.0462962962962963
0 0.8768229166666667 0.1675925925925926 0.04635416666666667 0.03888888888888889
