1 0.01484375 0.6791666666666667 0.027604166666666666 0.0638888888888889
0 0.11796875 0.6425925925925926 0.018229166666666668 0.02777777777777778
1 0.21510416666666665 0.5416666666666667 0.225 0.15555555555555556
1 0.31197916666666664 0.6425925925925926 0.0875 0.040740740740740744
1 0.6453125 0.9189814814814815 0.04583333333333333 0.05092592592592593
1 0.640625 0.5625 0.02395833333333333 0.026851851851851852
1 0.4934895833333333 0.30648148148148147 0.0515625 0.040740740740740744
1 0.46328125 0.2263888888888889 0.013020833333333334 0.017592592592592594
1 0.3921875 0.25324074074074077 0.016666666666666666 0.01388888888888889
1 0.7760416666666666 0.5907407407407408 0.0375 0.04814814814814815
1 0.7708333333333334 0.6476851851851853 0.051041666666666666 0.05648148148148149
1 0.7635416666666667 0.7055555555555556 0.09270833333333334 0.08518518518518518
1 0.79765625 0.7759259259259259 0.04635416666666667 0.037037037037037035
1 0.6255208333333333 0.7578703703703704 0.016666666666666666 0.028703703703703703
1 0.8877604166666666 0.9212962962962963 0.0421875 0.04259259259259259
1 0.3809895833333333 0.6361111111111112 0.04739583333333333 0.1
1 0.4552083333333333 0.5930555555555556 0.13229166666666667 0.07685185185185185
1 0.5716145833333334 0.7041666666666667 0.0390625 0.02314814814814815
1 0.4731770833333333 0.6708333333333334 0.025520833333333333 0.058333333333333334
1 0.3307291666666667 0.3027777777777778 0.02395833333333333 0.02592592592592593
1 0.41015625 0.32546296296296295 0.06927083333333334 0.062037037037037036
1 0.32317708333333334 0.362962962962963 0.04635416666666667 0.022222222222222223
1 0.24817708333333333 0.2555555555555556 0.0171875 0.014814814814814815
1 0.20260416666666667 0.4134259259259259 0.017708333333333333 0.019444444444444445
1 0.1515625 0.43472222222222223 0.017708333333333333 0.019444444444444445
1 0.6171875 0.8013888888888889 0.016666666666666666 0.01388888888888889
1 0.6463541666666667 0.7731481481481481 0.015625 0.020370370370370372
1 0.6338541666666666 0.8199074074074074 0.0125 0.019444444444444445
1 0.5528645833333333 0.5875 0.04010416666666666 0.04351851851851852
1 0.019791666666666666 0.5796296296296296 0.03854166666666667 0.06296296296296297
1 0.95703125 0.9638888888888889 0.022395833333333334 0.03518518518518519
1 0.8270833333333333 0.850462962962963 0.04375 0.07314814814814816
1 0.9466145833333334 0.8421296296296297 0.0171875 0.04351851851851852
1 0.9614583333333333 0.3013888888888889 0.03229166666666666 0.04351851851851852
1 0.6348958333333333 0.31342592592592594 0.03229166666666666 0.04351851851851852
1 0.5182291666666666 0.9805555555555556 0.026041666666666668 0.03888888888888889
1 0.5473958333333333 0.9518518518518518 0.022916666666666665 0.031481481481481485
1 0.6770833333333334 0.7657407407407407 0.035416666666666666 0.0462962962962963
1 0.8200520833333333 0.7402777777777778 0.018229166666666668 0.019444444444444445
1 0.8380208333333333 0.7277777777777779 0.04895833333333333 0.018518518518518517
1 0.571875 0.6175925925925926 0.0125 0.014814814814814815
1 0.5557291666666666 0.7444444444444445 0.011458333333333333 0.016666666666666666
1 0.9049479166666666 0.16527777777777777 0.0078125 0.01388888888888889
