1 0.2604166666666667 0.6893518518518519 0.34375 0.3027777777777778
1 0.4947916666666667 0.6592592592592593 0.15416666666666667 0.14074074074074075
1 0.028125 0.737037037037037 0.053125 0.11111111111111112
1 0.3455729166666667 0.33564814814814814 0.16614583333333333 0.16018518518518518
1 0.7643229166666666 0.7273148148148149 0.10052083333333334 0.11018518518518519
1 0.8624999999999999 0.7722222222222223 0.09791666666666667 0.2796296296296296
1 0.7971354166666667 0.5925925925925926 0.04114583333333333 0.04259259259259259
1 0.4934895833333333 0.2962962962962963 0.0546875 0.05
1 0.6559895833333333 0.5402777777777777 0.019270833333333334 0.025
1 0.69375 0.8138888888888889 0.021875 0.02592592592592593
