1 0.3515625 0.7837962962962963 0.29375 0.23981481481481481
1 0.10755208333333333 0.8458333333333333 0.08072916666666667 0.08611111111111111
1 0.13958333333333334 0.6550925925925927 0.052083333333333336 0.05648148148148149
1 0.5151041666666667 0.3564814814814815 0.0375 0.0462962962962963
1 0.8075520833333333 0.7472222222222222 0.09010416666666667 0.10370370370370371
1 0.6872395833333333 0.5916666666666667 0.018229166666666668 0.022222222222222223
1 0.07838541666666667 0.7314814814814815 0.07552083333333333 0.07592592592592592
1 0.7505208333333333 0.5101851851851852 0.020833333333333332 0.016666666666666666
1 0.9239583333333333 0.9939814814814815 0.030208333333333334 0.012037037037037037
1 0.75859375 0.8162037037037038 0.0328125 0.026851851851851852
1 0.8182291666666667 0.625925925925926 0.040625 0.0462962962962963
1 0.5794270833333334 0.7685185185185186 0.0671875 0.06481481481481481
1 0.5513020833333333 0.6833333333333333 0.11927083333333333 0.1
1 0.3528645833333333 0.4166666666666667 0.19427083333333334 0.1925925925925926
1 0.20807291666666666 0.6078703703703704 0.0828125 0.07685185185185185
1 0.8994791666666666 0.788425925925926 0.10416666666666667 0.23981481481481481
1 0.65 0.34305555555555556 0.035416666666666666 0.049074074074074076
