0 0.8203125 0.7175925925925927 0.0375 0.04259259259259259
1 0.6276041666666666 0.725 0.04895833333333333 0.08148148148148149
1 0.6182291666666666 0.9060185185185186 0.103125 0.14537037037037037
1 0.50859375 0.6092592592592593 0.0359375 0.03518518518518519
1 0.60703125 0.587962962962963 0.04739583333333333 0.06666666666666667
1 0.6856770833333333 0.5888888888888889 0.04114583333333333 0.06481481481481481
1 0.25859375 0.5990740740740741 0.021354166666666667 0.018518518518518517
1 0.6440104166666667 0.49444444444444446 0.021354166666666667 0.018518518518518517
1 0.57421875 0.4476851851851852 0.01614583333333333 0.015740740740740743
1 0.8552083333333333 0.5796296296296296 0.20833333333333334 0.12592592592592594
1 0.8156249999999999 0.6606481481481482 0.065625 0.08796296296296297
1 0.8296875 0.44583333333333336 0.01875 0.017592592592592594
1 0.9447916666666667 0.35555555555555557 0.03229166666666666 0.02962962962962963
1 0.7684895833333333 0.2837962962962963 0.0140625 0.01388888888888889
1 0.9520833333333333 0.43194444444444446 0.029166666666666667 0.032407407407407406
1 0.8270833333333333 0.30185185185185187 0.013541666666666667 0.014814814814814815
1 0.9888020833333333 0.7148148148148148 0.022395833333333334 0.08703703703703704
1 0.9765625 0.6416666666666667 0.034375 0.0462962962962963
