1 0.08333333333333333 0.9009259259259259 0.09791666666666667 0.09444444444444444
1 0.13333333333333333 0.7106481481481481 0.12395833333333334 0.1212962962962963
1 0.3302083333333333 0.7060185185185186 0.2625 0.25277777777777777
1 0.3463541666666667 0.36203703703703705 0.29270833333333335 0.3851851851851852
1 0.5598958333333334 0.788425925925926 0.225 0.4083333333333333
1 0.54921875 0.17685185185185187 0.06197916666666667 0.04814814814814815
1 0.5096354166666667 0.3416666666666667 0.0203125 0.21666666666666667
1 0.77421875 0.8935185185185186 0.13697916666666665 0.19814814814814816
1 0.9234375 0.7106481481481481 0.11562499999999999 0.13425925925925927
1 0.8049479166666667 0.6828703703703703 0.09739583333333333 0.19351851851851853
1 0.8893229166666666 0.5236111111111111 0.0390625 0.0712962962962963
1 0.9846354166666667 0.8657407407407408 0.030729166666666665 0.07037037037037037
1 0.834375 0.5212962962962964 0.026041666666666668 0.0925925925925926
1 0.70859375 0.7199074074074074 0.057812499999999996 0.10648148148148148
1 0.6611979166666666 0.32546296296296295 0.06302083333333333 0.1398148148148148
1 0.57421875 0.48842592592592593 0.1015625 0.16574074074074074
1 0.3921875 0.8643518518518519 0.052083333333333336 0.08055555555555556
1 0.18307291666666667 0.9328703703703705 0.0296875 0.06944444444444445
1 0.15208333333333332 0.48703703703703705 0.04583333333333333 0.06296296296296297
1 0.43984375 0.12222222222222223 0.10260416666666666 0.12037037037037038
