1 0.03177083333333333 0.5814814814814815 0.06145833333333333 0.11111111111111112
1 0.34140625 0.5203703703703704 0.44635416666666666 0.26296296296296295
1 0.4 0.28425925925925927 0.052083333333333336 0.040740740740740744
1 0.7703125 0.4898148148148148 0.034375 0.0462962962962963
1 0.8575520833333333 0.8023148148148148 0.04114583333333333 0.03981481481481482
1 0.6565104166666667 0.674074074074074 0.0390625 0.02777777777777778
1 0.7059895833333333 0.6199074074074075 0.03697916666666667 0.05462962962962963
1 0.6432291666666666 0.6069444444444445 0.017708333333333333 0.02314814814814815
1 0.6432291666666666 0.4532407407407408 0.017708333333333333 0.02314814814814815
1 0.49166666666666664 0.24212962962962964 0.04375 0.03981481481481482
1 0.79375 0.6370370370370371 0.13854166666666667 0.21481481481481482
1 0.31197916666666664 0.2587962962962963 0.027083333333333334 0.02314814814814815
1 0.3026041666666667 0.32037037037037036 0.03229166666666666 0.018518518518518517
