0 0.9802083333333333 0.8143518518518519 0.0375 0.05648148148148149
1 0.7479166666666667 0.8439814814814816 0.052083333333333336 0.08611111111111111
1 0.7393229166666666 0.6550925925925927 0.044270833333333336 0.06574074074074074
1 0.80703125 0.6578703703703704 0.044270833333333336 0.06574074074074074
1 0.9403645833333333 0.6171296296296297 0.11927083333333333 0.13240740740740742
1 0.9557291666666666 0.7439814814814815 0.08854166666666667 0.1212962962962963
1 0.9523437499999999 0.4949074074074074 0.015104166666666667 0.019444444444444445
1 0.8390624999999999 0.512962962962963 0.008333333333333333 0.040740740740740744
1 0.9333333333333333 0.33935185185185185 0.013541666666666667 0.015740740740740743
1 0.825 0.43333333333333335 0.019791666666666666 0.014814814814814815
1 0.9768229166666667 0.30462962962962964 0.0109375 0.011111111111111112
1 0.7661458333333333 0.9833333333333334 0.052083333333333336 0.03333333333333333
1 0.7078125 0.5300925925925926 0.041666666666666664 0.04537037037037037
1 0.7734375 0.5597222222222222 0.03958333333333333 0.02314814814814815
1 0.38359375 0.6615740740740741 0.015104166666666667 0.010185185185185186
1 0.8924479166666667 0.7328703703703704 0.021354166666666667 0.032407407407407406
1 0.9041666666666667 0.5064814814814815 0.01875 0.016666666666666666
