1 0.18125 0.688425925925926 0.035416666666666666 0.07314814814814816
1 0.14583333333333334 0.8138888888888889 0.078125 0.06666666666666667
1 0.29661458333333335 0.7865740740740741 0.027604166666666666 0.06759259259259259
1 0.471875 0.49259259259259264 0.42291666666666666 0.5277777777777778
1 0.5341145833333333 0.8296296296296297 0.16822916666666665 0.13703703703703704
1 0.6510416666666666 0.8986111111111111 0.06875 0.08981481481481482
1 0.7630208333333334 0.8810185185185185 0.12916666666666665 0.23055555555555557
1 0.9445312499999999 0.800462962962963 0.1109375 0.225
1 0.8065104166666667 0.6800925925925926 0.10052083333333334 0.1824074074074074
1 0.8955729166666666 0.600462962962963 0.0671875 0.08240740740740742
1 0.7302083333333333 0.4569444444444445 0.026041666666666668 0.049074074074074076
1 0.3338541666666667 0.9361111111111111 0.04479166666666667 0.10925925925925926
1 0.275 0.15925925925925927 0.025 0.05555555555555556
1 0.9671875 0.9541666666666667 0.030208333333333334 0.08425925925925926
