1 0.14270833333333333 0.3148148148148148 0.13333333333333333 0.1425925925925926
1 0.0640625 0.8597222222222223 0.12708333333333333 0.25092592592592594
1 0.021614583333333333 0.6731481481481482 0.0421875 0.07777777777777778
1 0.2296875 0.9370370370370371 0.06875 0.11111111111111112
1 0.3807291666666667 0.6467592592592593 0.10104166666666667 0.1287037037037037
1 0.34791666666666665 0.4425925925925926 0.10625 0.09074074074074075
1 0.3872395833333333 0.32962962962962966 0.10885416666666667 0.11666666666666667
1 0.48776041666666664 0.35462962962962963 0.0828125 0.07222222222222223
1 0.5453125 0.4444444444444445 0.06041666666666667 0.08703703703703704
1 0.4010416666666667 0.19305555555555556 0.034375 0.05092592592592593
1 0.29140625 0.2550925925925926 0.030729166666666665 0.10648148148148148
1 0.38255208333333335 0.8643518518518519 0.08072916666666667 0.24351851851851852
1 0.33932291666666664 0.7277777777777779 0.03697916666666667 0.06296296296296297
1 0.5651041666666666 0.6203703703703703 0.027083333333333334 0.05
1 0.03802083333333333 0.5351851851851852 0.042708333333333334 0.09444444444444444
1 0.24921875 0.40555555555555556 0.043229166666666666 0.1814814814814815
