1 0.14375 0.17592592592592593 0.025 0.02962962962962963
1 0.18697916666666667 0.5569444444444445 0.014583333333333334 0.04722222222222222
1 0.28359375 0.8231481481481482 0.057812499999999996 0.07037037037037037
1 0.6065104166666666 0.7953703703703704 0.5401041666666666 0.40925925925925927
1 0.5611979166666666 0.5064814814814815 0.2598958333333333 0.17222222222222222
1 0.95703125 0.8837962962962963 0.0765625 0.11944444444444445
1 0.93828125 0.7569444444444444 0.06510416666666667 0.0712962962962963
1 0.23984375 0.8305555555555556 0.03697916666666667 0.05
1 0.18411458333333333 0.8916666666666667 0.03177083333333333 0.05
1 0.34739583333333335 0.3680555555555556 0.022916666666666665 0.05277777777777778
