0 0.35651041666666666 0.6430555555555556 0.021354166666666667 0.03796296296296296
1 0.21979166666666666 0.6842592592592592 0.041666666666666664 0.07777777777777778
1 0.13203125 0.8574074074074074 0.0859375 0.10925925925925926
1 0.46822916666666664 0.5337962962962963 0.2916666666666667 0.13055555555555556
1 0.37786458333333334 0.6087962962962963 0.09010416666666667 0.08240740740740742
1 0.2557291666666667 0.5587962962962963 0.035416666666666666 0.058333333333333334
1 0.7091145833333333 0.6222222222222222 0.13489583333333333 0.07222222222222223
1 0.08463541666666667 0.5976851851851852 0.033854166666666664 0.026851851851851852
1 0.17708333333333334 0.5657407407407408 0.04583333333333333 0.06666666666666667
1 0.90390625 0.6157407407407408 0.0265625 0.022222222222222223
1 0.7109375 0.31712962962962965 0.03125 0.03796296296296296
1 0.5307291666666667 0.3111111111111111 0.022916666666666665 0.02962962962962963
1 0.22395833333333334 0.4712962962962963 0.016666666666666666 0.016666666666666666
1 0.16145833333333334 0.4361111111111111 0.014583333333333334 0.014814814814814815
1 0.9442708333333333 0.8523148148148149 0.017708333333333333 0.021296296296296296
1 0.5184895833333333 0.3768518518518519 0.024479166666666666 0.022222222222222223
1 0.41328125 0.40046296296296297 0.013020833333333334 0.010185185185185186
1 0.43906249999999997 0.26712962962962966 0.013541666666666667 0.012037037037037037
1 0.6276041666666666 0.34444444444444444 0.06145833333333333 0.02592592592592593
1 0.58203125 0.25787037037037036 0.0140625 0.012037037037037037
1 0.7330729166666666 0.5259259259259259 0.015104166666666667 0.020370370370370372
