0 0.04010416666666666 0.5337962962962963 0.03333333333333333 0.10092592592592593
0 0.08203125 0.5962962962962963 0.0296875 0.07777777777777778
0 0.24635416666666665 0.1763888888888889 0.042708333333333334 0.05462962962962963
0 0.15572916666666667 0.22870370370370371 0.04375 0.05555555555555556
0 0.42135416666666664 0.3666666666666667 0.04479166666666667 0.061111111111111116
0 0.4817708333333333 0.21944444444444444 0.0375 0.04814814814814815
0 0.5606770833333333 0.27685185185185185 0.0296875 0.06296296296296297
0 0.5440104166666666 0.3476851851851852 0.043229166666666666 0.05277777777777778
0 0.5684895833333333 0.46851851851851856 0.04739583333333333 0.04259259259259259
0 0.5927083333333333 0.6263888888888889 0.04375 0.0712962962962963
0 0.8072916666666666 0.3939814814814815 0.052083333333333336 0.04351851851851852
