1 0.06041666666666667 0.8203703703703704 0.04479166666666667 0.0462962962962963
1 0.23203125 0.5916666666666667 0.05260416666666667 0.08703703703703704
1 0.11666666666666667 0.5708333333333333 0.021875 0.026851851851851852
1 0.5565104166666667 0.7148148148148148 0.03802083333333333 0.053703703703703705
1 0.8013020833333333 0.9069444444444444 0.0453125 0.05648148148148149
1 0.9703125 0.8953703703703704 0.059375 0.2
1 0.2947916666666667 0.9518518518518518 0.08020833333333333 0.07222222222222223
1 0.5322916666666666 0.8393518518518519 0.03958333333333333 0.09722222222222222
1 0.38229166666666664 0.49074074074074076 0.027083333333333334 0.044444444444444446
1 0.8286458333333333 0.37083333333333335 0.01875 0.032407407407407406
1 0.8544270833333333 0.7819444444444444 0.0390625 0.0787037037037037
1 0.6041666666666666 0.7518518518518519 0.03333333333333333 0.06296296296296297
1 0.6401041666666667 0.8615740740740742 0.071875 0.13796296296296298
1 0.34348958333333335 0.888425925925926 0.05677083333333333 0.032407407407407406
1 0.22630208333333332 0.8712962962962963 0.028645833333333332 0.05555555555555556
1 0.41744791666666664 0.6291666666666667 0.028645833333333332 0.04537037037037037
1 0.4471354166666667 0.5717592592592593 0.044270833333333336 0.058333333333333334
1 0.44036458333333334 0.7398148148148148 0.015104166666666667 0.018518518518518517
1 0.57265625 0.3490740740740741 0.0203125 0.02592592592592593
1 0.4036458333333333 0.9046296296296297 0.017708333333333333 0.05
1 0.3572916666666667 0.9731481481481482 0.04791666666666666 0.053703703703703705
1 0.21979166666666666 0.6995370370370371 0.035416666666666666 0.049074074074074076
1 0.15234375 0.7351851851851852 0.058854166666666666 0.053703703703703705
1 0.6809895833333334 0.25324074074074077 0.022395833333333334 0.036111111111111115
1 0.9734375 0.7555555555555555 0.03229166666666666 0.053703703703703705
1 0.7427083333333333 0.8055555555555556 0.05416666666666667 0.11666666666666667
1 0.5359375 0.6453703703703704 0.03333333333333333 0.044444444444444446
1 0.4744791666666667 0.7657407407407407 0.02395833333333333 0.03518518518518519
1 0.47578125 0.8837962962962963 0.0234375 0.036111111111111115
1 0.7494791666666667 0.4703703703703704 0.02395833333333333 0.03888888888888889
1 0.49635416666666665 0.16898148148148148 0.028125 0.025
1 0.51796875 0.10740740740740741 0.0109375 0.009259259259259259
1 0.58203125 0.27083333333333337 0.0234375 0.04537037037037037
1 0.5591145833333333 0.31851851851851853 0.0109375 0.020370370370370372
1 0.4700520833333333 0.10046296296296296 0.008854166666666666 0.008333333333333333
1 0.6359375 0.3842592592592593 0.010416666666666666 0.012962962962962964
1 0.6734375 0.33472222222222225 0.009375 0.01388888888888889
1 0.49296875 0.6236111111111111 0.01614583333333333 0.025
1 0.55078125 0.46851851851851856 0.0109375 0.011111111111111112
