1 0.2953125 0.27685185185185185 0.16458333333333333 0.1425925925925926
1 0.13567708333333334 0.3717592592592593 0.044270833333333336 0.04722222222222222
1 0.15729166666666666 0.31574074074074077 0.035416666666666666 0.031481481481481485
1 0.5421875 0.5893518518518519 0.042708333333333334 0.10277777777777779
1 0.4401041666666667 0.950925925925926 0.025 0.09814814814814815
1 0.9729166666666667 0.5800925925925926 0.05416666666666667 0.04537037037037037
1 0.7471354166666666 0.6620370370370371 0.028645833333333332 0.037037037037037035
1 0.7630208333333334 0.6967592592592593 0.013541666666666667 0.02314814814814815
1 0.6854166666666667 0.36435185185185187 0.03125 0.036111111111111115
1 0.5067708333333333 0.13148148148148148 0.026041666666666668 0.020370370370370372
1 0.4705729166666667 0.3023148148148148 0.07447916666666667 0.03425925925925926
1 0.4125 0.3375 0.05625 0.036111111111111115
1 0.7677083333333333 0.46944444444444444 0.021875 0.024074074074074074
1 0.6080729166666666 0.5648148148148149 0.0265625 0.018518518518518517
1 0.4283854166666667 0.16111111111111112 0.044270833333333336 0.04259259259259259
1 0.36041666666666666 0.17037037037037037 0.03333333333333333 0.018518518518518517
1 0.36692708333333335 0.13055555555555556 0.021354166666666667 0.018518518518518517
1 0.45026041666666666 0.07962962962962963 0.013020833333333334 0.016666666666666666
1 0.3419270833333333 0.11851851851851852 0.019270833333333334 0.018518518518518517
1 0.8580729166666666 0.4689814814814815 0.0421875 0.03981481481481482
1 0.8526041666666666 0.5175925925925926 0.009375 0.012962962962962964
1 0.8078124999999999 0.4953703703703704 0.0125 0.016666666666666666
1 0.759375 0.5291666666666667 0.011458333333333333 0.010185185185185186
1 0.7559895833333333 0.3861111111111111 0.011979166666666666 0.009259259259259259
1 0.7247395833333333 0.34120370370370373 0.050520833333333334 0.10833333333333334
1 0.7497395833333333 0.4342592592592593 0.0265625 0.03518518518518519
1 0.8606770833333334 0.11990740740740741 0.019270833333333334 0.02314814814814815
1 0.7171875 0.6111111111111112 0.071875 0.05
1 0.8026041666666667 0.5976851851851852 0.03854166666666667 0.03796296296296296
1 0.8557291666666667 0.5717592592592593 0.005208333333333333 0.015740740740740743
1 0.9208333333333333 0.6069444444444445 0.008333333333333333 0.01388888888888889
1 0.9244791666666666 0.6273148148148149 0.010416666666666666 0.012037037037037037
1 0.9791666666666666 0.6810185185185186 0.041666666666666664 0.10462962962962963
1 0.928125 0.34490740740740744 0.010416666666666666 0.010185185185185186
1 0.6119791666666666 0.2800925925925926 0.013541666666666667 0.012037037037037037
