1 0.4049479166666667 0.7194444444444444 0.5088541666666666 0.3092592592592593
1 0.5822916666666667 0.21203703703703705 0.05 0.05
1 0.4127604166666667 0.9412037037037038 0.0984375 0.07314814814814816
1 0.5341145833333333 0.900462962962963 0.030729166666666665 0.03981481481481482
1 0.8315104166666667 0.8662037037037037 0.06510416666666667 0.025
1 0.5622395833333333 0.9837962962962963 0.0359375 0.032407407407407406
1 0.65546875 0.3939814814814815 0.0390625 0.036111111111111115
1 0.6403645833333333 0.3439814814814815 0.0234375 0.025
1 0.7484375 0.35000000000000003 0.075 0.07777777777777778
1 0.6838541666666667 0.4273148148148148 0.02395833333333333 0.025
1 0.26276041666666666 0.4763888888888889 0.025520833333333333 0.03425925925925926
1 0.74453125 0.9259259259259259 0.030729166666666665 0.03518518518518519
