1 0.3104166666666667 0.6462962962962964 0.4354166666666667 0.26666666666666666
1 0.49114583333333334 0.30462962962962964 0.05 0.0462962962962963
1 0.27239583333333334 0.3263888888888889 0.02395833333333333 0.026851851851851852
1 0.7268229166666667 0.7587962962962963 0.058854166666666666 0.04166666666666667
1 0.7630208333333334 0.7032407407407407 0.071875 0.09907407407407408
1 0.7877604166666666 0.5893518518518519 0.0390625 0.04351851851851852
1 0.8458333333333333 0.7773148148148148 0.084375 0.28611111111111115
1 0.9080729166666667 0.7481481481481482 0.04739583333333333 0.05
1 0.28932291666666665 0.40555555555555556 0.027604166666666666 0.020370370370370372
1 0.38958333333333334 0.362962962962963 0.04479166666666667 0.0462962962962963
1 0.8799479166666666 0.9856481481481482 0.043229166666666666 0.028703703703703703
1 0.65234375 0.5504629629629629 0.019270833333333334 0.021296296296296296
1 0.5322916666666666 0.6898148148148149 0.053125 0.05925925925925926
1 0.6614583333333334 0.8125 0.04375 0.032407407407407406
1 0.4041666666666667 0.250462962962963 0.017708333333333333 0.019444444444444445
1 0.011458333333333333 0.7134259259259259 0.021875 0.05277777777777778
