1 0.1046875 0.05185185185185186 0.025 0.02962962962962963
1 0.20052083333333334 0.6342592592592593 0.036458333333333336 0.0462962962962963
1 0.14583333333333334 0.688425925925926 0.026041666666666668 0.036111111111111115
1 0.24583333333333332 0.8 0.036458333333333336 0.05740740740740741
1 0.29661458333333335 0.7097222222222223 0.022395833333333334 0.07314814814814816
1 0.53046875 0.6981481481481482 0.4067708333333333 0.29074074074074074
1 0.4747395833333333 0.39166666666666666 0.3692708333333333 0.3055555555555556
1 0.41875 0.9462962962962963 0.053125 0.07962962962962963
1 0.503125 0.9259259259259259 0.03125 0.03518518518518519
1 0.7015625 0.9115740740740741 0.11979166666666667 0.13240740740740742
1 0.8192708333333333 0.6537037037037037 0.078125 0.08518518518518518
1 0.8807291666666667 0.8157407407407408 0.08333333333333333 0.1814814814814815
1 0.9752604166666666 0.9328703703703705 0.049479166666666664 0.13240740740740742
