0 0.45234375 0.39305555555555555 0.018229166666666668 0.019444444444444445
0 0.3450520833333333 0.3703703703703704 0.019270833333333334 0.024074074074074074
0 0.3515625 0.26481481481481484 0.017708333333333333 0.020370370370370372
0 0.49140625 0.35462962962962963 0.0203125 0.020370370370370372
0 0.471875 0.3199074074074074 0.017708333333333333 0.021296296296296296
0 0.56171875 0.34305555555555556 0.0171875 0.017592592592592594
0 0.56953125 0.28101851851851856 0.0171875 0.017592592592592594
0 0.7208333333333333 0.23055555555555557 0.017708333333333333 0.018518518518518517
0 0.6018229166666667 0.275 0.01614583333333333 0.016666666666666666
0 0.4921875 0.26435185185185184 0.015625 0.015740740740740743
