0 0.5979166666666667 0.03287037037037037 0.04479166666666667 0.04166666666666667
0 0.25807291666666665 0.36203703703703705 0.04010416666666666 0.05740740740740741
0 0.3502604166666667 0.3106481481481482 0.04739583333333333 0.058333333333333334
0 0.14375 0.7125 0.03229166666666666 0.11018518518518519
0 0.18671875 0.7916666666666667 0.0390625 0.09074074074074075
0 0.5421875 0.5212962962962964 0.05 0.06296296296296297
0 0.6036458333333333 0.35370370370370374 0.042708333333333334 0.05740740740740741
0 0.7067708333333333 0.6444444444444445 0.05 0.04814814814814815
0 0.7388020833333333 0.8305555555555556 0.04739583333333333 0.06296296296296297
0 0.9578125 0.562962962962963 0.052083333333333336 0.0462962962962963
0 0.6729166666666666 0.5041666666666667 0.04583333333333333 0.05092592592592593
0 0.6864583333333333 0.4222222222222222 0.028125 0.07222222222222223
