1 0.85546875 0.9273148148148148 0.018229166666666668 0.036111111111111115
1 0.8020833333333334 0.7564814814814815 0.02395833333333333 0.05740740740740741
1 0.7604166666666666 0.7671296296296296 0.027083333333333334 0.036111111111111115
1 0.5591145833333333 0.6324074074074074 0.018229166666666668 0.04259259259259259
1 0.31640625 0.7810185185185186 0.027604166666666666 0.03796296296296296
1 0.36744791666666665 0.6305555555555555 0.01614583333333333 0.014814814814814815
1 0.22473958333333333 0.6449074074074075 0.009895833333333333 0.015740740740740743
1 0.24375 0.5532407407407408 0.027083333333333334 0.025
1 0.13541666666666666 0.6240740740740741 0.020833333333333332 0.044444444444444446
1 0.11041666666666666 0.7287037037037037 0.022916666666666665 0.03518518518518519
1 0.18880208333333334 0.7208333333333333 0.0109375 0.015740740740740743
1 0.15651041666666665 0.5337962962962963 0.015104166666666667 0.010185185185185186
1 0.0546875 0.5092592592592593 0.03125 0.03888888888888889
1 0.019010416666666665 0.44027777777777777 0.009895833333333333 0.012037037037037037
1 0.010416666666666666 0.37222222222222223 0.004166666666666667 0.007407407407407408
1 0.07552083333333333 0.4342592592592593 0.00625 0.007407407407407408
1 0.09401041666666667 0.48935185185185187 0.008854166666666666 0.012037037037037037
1 0.21119791666666665 0.42314814814814816 0.008854166666666666 0.011111111111111112
1 0.10755208333333333 0.362962962962963 0.0046875 0.007407407407407408
1 0.08541666666666667 0.9 0.0125 0.011111111111111112
1 0.15078125 0.8300925925925926 0.0109375 0.019444444444444445
1 0.38515625 0.9171296296296296 0.0171875 0.025
1 0.27734375 0.5125000000000001 0.0296875 0.05462962962962963
1 0.1265625 0.4365740740740741 0.020833333333333332 0.032407407407407406
1 0.22890625 0.5166666666666667 0.005729166666666666 0.011111111111111112
1 0.17526041666666667 0.42453703703703705 0.018229166666666668 0.02314814814814815
1 0.12734375 0.3736111111111111 0.0171875 0.025
