1 0.09817708333333333 0.4273148148148148 0.04010416666666666 0.03981481481481482
1 0.08880208333333334 0.48842592592592593 0.0546875 0.036111111111111115
1 0.2700520833333333 0.38657407407407407 0.2015625 0.09722222222222222
1 0.40078125 0.43842592592592594 0.06510416666666667 0.06944444444444445
1 0.3455729166666667 0.1763888888888889 0.0234375 0.021296296296296296
1 0.22161458333333334 0.27731481481481485 0.0359375 0.05462962962962963
1 0.31614583333333335 0.15555555555555556 0.017708333333333333 0.02592592592592593
1 0.41770833333333335 0.19907407407407407 0.04375 0.05925925925925926
1 0.4986979166666667 0.1527777777777778 0.04114583333333333 0.03333333333333333
1 0.44375 0.4625 0.014583333333333334 0.017592592592592594
1 0.7322916666666667 0.45231481481481484 0.04895833333333333 0.03981481481481482
1 0.68671875 0.7958333333333334 0.0640625 0.036111111111111115
1 0.55703125 0.7810185185185186 0.0390625 0.11944444444444445
1 0.8622395833333333 0.9430555555555556 0.04114583333333333 0.04351851851851852
1 0.7955729166666666 0.49583333333333335 0.0828125 0.17685185185185187
1 0.4979166666666667 0.41620370370370374 0.13854166666666667 0.09722222222222222
1 0.34088541666666666 0.23287037037037037 0.0453125 0.015740740740740743
1 0.8302083333333333 0.6240740740740741 0.034375 0.02962962962962963
1 0.696875 0.6800925925925926 0.04375 0.030555555555555558
1 0.9192708333333334 0.650462962962963 0.06041666666666667 0.049074074074074076
1 0.89296875 0.12824074074074074 0.0203125 0.02314814814814815
1 0.6869791666666667 0.47824074074074074 0.027083333333333334 0.036111111111111115
1 0.6473958333333333 0.5087962962962963 0.02395833333333333 0.021296296296296296
1 0.6354166666666666 0.34305555555555556 0.017708333333333333 0.02314814814814815
1 0.928125 0.851388888888889 0.035416666666666666 0.03796296296296296
1 0.75234375 0.3703703703703704 0.033854166666666664 0.03518518518518519
