1 0.5106770833333333 0.537962962962963 0.3421875 0.3703703703703704
1 0.6283854166666667 0.7962962962962963 0.0640625 0.10925925925925926
1 0.625 0.9148148148148149 0.12291666666666666 0.0962962962962963
1 0.7380208333333333 0.6851851851851852 0.053125 0.1851851851851852
1 0.8434895833333333 0.737962962962963 0.06510416666666667 0.11851851851851852
1 0.9661458333333334 0.8916666666666667 0.042708333333333334 0.10555555555555556
1 0.715625 0.8398148148148148 0.029166666666666667 0.07037037037037037
1 0.9208333333333333 0.7944444444444445 0.028125 0.03333333333333333
1 0.88359375 0.9615740740740741 0.1046875 0.07685185185185185
1 0.7341145833333333 0.9615740740740741 0.03802083333333333 0.05277777777777778
