1 0.7119791666666666 0.9592592592592593 0.08645833333333333 0.08148148148148149
1 0.7221354166666667 0.8462962962962963 0.05677083333333333 0.13703703703703704
1 0.35078125 0.7740740740740741 0.07447916666666667 0.07962962962962963
1 0.0234375 0.6092592592592593 0.04583333333333333 0.04259259259259259
1 0.015625 0.9819444444444445 0.028125 0.03425925925925926
1 0.09661458333333334 0.9587962962962964 0.0984375 0.07685185185185185
1 0.5283854166666666 0.48750000000000004 0.022395833333333334 0.030555555555555558
1 0.8958333333333334 0.8907407407407407 0.04375 0.12407407407407407
1 0.6080729166666666 0.8009259259259259 0.057812499999999996 0.06296296296296297
1 0.5536458333333333 0.9314814814814815 0.04375 0.05555555555555556
1 0.40546875 0.8976851851851853 0.07447916666666667 0.1212962962962963
1 0.49192708333333335 0.8236111111111112 0.06510416666666667 0.13240740740740742
1 0.44140625 0.8208333333333334 0.03802083333333333 0.036111111111111115
1 0.2859375 0.8976851851851853 0.053125 0.14722222222222223
1 0.33880208333333334 0.8777777777777778 0.028645833333333332 0.07407407407407407
1 0.16875 0.5240740740740741 0.03854166666666667 0.044444444444444446
1 0.20833333333333334 0.775 0.02395833333333333 0.02777777777777778
1 0.2359375 0.9240740740740742 0.017708333333333333 0.02777777777777778
1 0.6528645833333333 0.6995370370370371 0.033854166666666664 0.03796296296296296
1 0.38229166666666664 0.3050925925925926 0.016666666666666666 0.04166666666666667
1 0.7783854166666666 0.4412037037037037 0.0171875 0.03425925925925926
1 0.59375 0.612037037037037 0.013541666666666667 0.02777777777777778
1 0.5200520833333333 0.6648148148148149 0.009895833333333333 0.014814814814814815
1 0.3338541666666667 0.6916666666666667 0.028125 0.037037037037037035
1 0.23697916666666666 0.9731481481481482 0.02395833333333333 0.031481481481481485
1 0.23906249999999998 0.7902777777777779 0.025 0.03425925925925926
1 0.19713541666666667 0.6601851851851852 0.024479166666666666 0.04814814814814815
1 0.22265625 0.6032407407407407 0.044270833333333336 0.049074074074074076
1 0.265625 0.6680555555555556 0.014583333333333334 0.028703703703703703
1 0.17395833333333333 0.9435185185185185 0.03333333333333333 0.04259259259259259
1 0.18828125 0.9837962962962963 0.01614583333333333 0.028703703703703703
1 0.35703125 0.3763888888888889 0.0234375 0.026851851851851852
1 0.59453125 0.38796296296296295 0.015104166666666667 0.014814814814814815
1 0.31223958333333335 0.20185185185185187 0.0265625 0.014814814814814815
1 0.28515625 0.13564814814814816 0.009895833333333333 0.006481481481481482
1 0.3997395833333333 0.23935185185185187 0.015104166666666667 0.008333333333333333
1 0.33307291666666666 0.14583333333333334 0.0078125 0.006481481481481482
1 0.34739583333333335 0.19074074074074074 0.00625 0.007407407407407408
1 0.4239583333333333 0.4041666666666667 0.009375 0.010185185185185186
1 0.46015625 0.35462962962962963 0.008854166666666666 0.012962962962962964
1 0.3403645833333333 0.5 0.0109375 0.011111111111111112
1 0.3919270833333333 0.47731481481481486 0.011979166666666666 0.015740740740740743
1 0.47812499999999997 0.28425925925925927 0.020833333333333332 0.024074074074074074
