1 0.20338541666666665 0.8856481481481482 0.008854166666666666 0.012037037037037037
1 0.2760416666666667 0.9680555555555556 0.009375 0.012037037037037037
1 0.275 0.9916666666666667 0.010416666666666666 0.014814814814814815
1 0.07369791666666667 0.9606481481481481 0.013020833333333334 0.010185185185185186
1 0.058854166666666666 0.8851851851851852 0.009375 0.012962962962962964
1 0.10442708333333334 0.8120370370370371 0.0067708333333333336 0.009259259259259259
1 0.03307291666666667 0.9796296296296296 0.04635416666666667 0.03518518518518519
1 0.10729166666666666 0.7791666666666667 0.014583333333333334 0.017592592592592594
1 0.12552083333333333 0.8962962962962964 0.007291666666666667 0.005555555555555556
1 0.14973958333333334 0.8796296296296297 0.0078125 0.011111111111111112
