1 0.21953124999999998 0.37592592592592594 0.04114583333333333 0.05925925925925926
1 0.23854166666666665 0.44953703703703707 0.06770833333333333 0.08055555555555556
1 0.3375 0.4425925925925926 0.03333333333333333 0.044444444444444446
1 0.5768229166666666 0.5736111111111112 0.0296875 0.03796296296296296
1 0.3872395833333333 0.8578703703703704 0.028645833333333332 0.05462962962962963
1 0.62890625 0.938425925925926 0.0671875 0.12314814814814816
1 0.7192708333333333 0.9180555555555556 0.06770833333333333 0.13240740740740742
1 0.9739583333333334 0.8462962962962963 0.052083333333333336 0.08703703703703704
1 0.7783854166666666 0.7194444444444444 0.027604166666666666 0.07592592592592592
1 0.6174479166666667 0.8064814814814815 0.03697916666666667 0.09814814814814815
1 0.54921875 0.8305555555555556 0.058854166666666666 0.05
1 0.41119791666666666 0.3509259259259259 0.0484375 0.05925925925925926
