0 0.51328125 0.13148148148148148 0.04635416666666667 0.0462962962962963
0 0.34401041666666665 0.012962962962962964 0.034895833333333334 0.024074074074074074
0 0.17291666666666666 0.3314814814814815 0.040625 0.06296296296296297
0 0.0515625 0.3685185185185185 0.05625 0.06481481481481481
0 0.5622395833333333 0.4791666666666667 0.0265625 0.06759259259259259
0 0.5291666666666667 0.5569444444444445 0.05416666666666667 0.058333333333333334
0 0.5427083333333333 0.6962962962962963 0.06458333333333333 0.0462962962962963
0 0.5557291666666666 0.899537037037037 0.058333333333333334 0.08425925925925926
0 0.46770833333333334 0.4050925925925926 0.046875 0.05092592592592593
0 0.36223958333333334 0.5523148148148148 0.0515625 0.0712962962962963
0 0.8919270833333334 0.6513888888888889 0.06510416666666667 0.05092592592592593
