1 0.2953125 0.07407407407407407 0.034375 0.11666666666666667
1 0.13489583333333333 0.7217592592592593 0.13541666666666666 0.1287037037037037
1 0.08333333333333333 0.899537037037037 0.08854166666666667 0.10092592592592593
1 0.30963541666666666 0.7726851851851853 0.21614583333333334 0.287962962962963
1 0.3403645833333333 0.2925925925925926 0.41510416666666666 0.4481481481481482
1 0.43203125 0.5787037037037037 0.2015625 0.17037037037037037
1 0.5432291666666667 0.8324074074074075 0.2552083333333333 0.3351851851851852
1 0.628125 0.4990740740740741 0.13854166666666667 0.32222222222222224
1 0.7369791666666666 0.7018518518518518 0.11041666666666666 0.15185185185185185
1 0.7786458333333334 0.9111111111111111 0.125 0.17777777777777778
1 0.9260416666666667 0.737037037037037 0.10416666666666667 0.1277777777777778
1 0.8208333333333333 0.7138888888888889 0.051041666666666666 0.1574074074074074
1 0.86171875 0.5328703703703704 0.09947916666666666 0.10277777777777779
1 0.5989583333333334 0.20555555555555557 0.096875 0.07592592592592592
1 0.9822916666666667 0.8712962962962963 0.035416666666666666 0.061111111111111116
1 0.20885416666666667 0.5662037037037038 0.17395833333333333 0.09907407407407408
