1 0.32135416666666666 0.9611111111111111 0.078125 0.07777777777777778
1 0.38984375 0.687962962962963 0.008854166666666666 0.014814814814814815
1 0.41822916666666665 0.6129629629629629 0.011458333333333333 0.014814814814814815
1 0.5375 0.5347222222222222 0.005208333333333333 0.01388888888888889
1 0.5591145833333333 0.5912037037037037 0.018229166666666668 0.03425925925925926
1 0.5838541666666667 0.6532407407407408 0.011458333333333333 0.017592592592592594
1 0.5924479166666666 0.6171296296296297 0.0036458333333333334 0.010185185185185186
1 0.020572916666666666 0.6587962962962963 0.0296875 0.06944444444444445
1 0.06145833333333333 0.688425925925926 0.009375 0.015740740740740743
1 0.21666666666666667 0.3231481481481482 0.022916666666666665 0.022222222222222223
1 0.30052083333333335 0.33101851851851855 0.021875 0.030555555555555558
1 0.26119791666666664 0.29583333333333334 0.043229166666666666 0.06944444444444445
1 0.06067708333333333 0.47870370370370374 0.0265625 0.02592592592592593
0 0.02578125 0.3365740740740741 0.018229166666666668 0.012037037037037037
1 0.10651041666666666 0.2625 0.0109375 0.008333333333333333
1 0.09348958333333333 0.9032407407407408 0.12760416666666666 0.16574074074074074
1 0.21145833333333333 0.8083333333333333 0.0625 0.13703703703703704
1 0.36796875 0.5453703703703704 0.04010416666666666 0.03888888888888889
1 0.2953125 0.6925925925925926 0.010416666666666666 0.02592592592592593
1 0.32421875 0.5833333333333334 0.0067708333333333336 0.012962962962962964
