1 0.30963541666666666 0.5685185185185185 0.033854166666666664 0.044444444444444446
1 0.9783854166666667 0.8087962962962963 0.043229166666666666 0.09166666666666667
1 0.44088541666666664 0.9416666666666667 0.0671875 0.11666666666666667
1 0.6231770833333333 0.8935185185185186 0.050520833333333334 0.03888888888888889
1 0.6294270833333333 0.45740740740740743 0.0203125 0.061111111111111116
1 0.7098958333333333 0.7625000000000001 0.025 0.03981481481481482
1 0.7723958333333333 0.4337962962962963 0.04375 0.04351851851851852
1 0.6716145833333333 0.8388888888888889 0.03177083333333333 0.05
1 0.6140625 0.987962962962963 0.021875 0.024074074074074074
1 0.5356770833333333 0.37222222222222223 0.022395833333333334 0.031481481481481485
1 0.3598958333333333 0.8736111111111111 0.04479166666666667 0.062037037037037036
