1 0.22317708333333333 0.32962962962962966 0.04114583333333333 0.05
1 0.24427083333333333 0.3962962962962963 0.053125 0.061111111111111116
1 0.33619791666666665 0.39166666666666666 0.0265625 0.040740740740740744
1 0.40078125 0.2990740740740741 0.034895833333333334 0.044444444444444446
1 0.5567708333333333 0.49722222222222223 0.017708333333333333 0.02777777777777778
1 0.42734374999999997 0.6550925925925927 0.025520833333333333 0.07314814814814816
1 0.47421874999999997 0.6314814814814815 0.0296875 0.07777777777777778
1 0.38515625 0.7648148148148148 0.03177083333333333 0.07962962962962963
1 0.6091145833333333 0.8430555555555556 0.06510416666666667 0.18055555555555555
1 0.6890625 0.8 0.052083333333333336 0.11666666666666667
1 0.74375 0.6199074074074075 0.017708333333333333 0.058333333333333334
1 0.9302083333333333 0.7347222222222223 0.042708333333333334 0.08240740740740742
1 0.9869791666666666 0.8652777777777778 0.026041666666666668 0.075
1 0.8611979166666667 0.9180555555555556 0.0859375 0.1287037037037037
1 0.2947916666666667 0.5787037037037037 0.06875 0.09444444444444444
