0 0.10781249999999999 0.5828703703703704 0.05416666666666667 0.05277777777777778
0 0.38671875 0.33842592592592596 0.0390625 0.0712962962962963
0 0.39947916666666666 0.5027777777777778 0.051041666666666666 0.0462962962962963
0 0.5671875 0.637962962962963 0.05416666666666667 0.06851851851851852
0 0.38645833333333335 0.762962962962963 0.03229166666666666 0.0962962962962963
0 0.4161458333333333 0.6486111111111111 0.05520833333333333 0.05648148148148149
0 0.48776041666666664 0.8657407407407408 0.05260416666666667 0.06296296296296297
0 0.8442708333333333 0.9537037037037037 0.059375 0.08148148148148149
0 0.9145833333333333 0.3703703703703704 0.03229166666666666 0.07407407407407407
0 0.975 0.43194444444444446 0.041666666666666664 0.09907407407407408
0 0.9565104166666667 0.8694444444444445 0.04739583333333333 0.07777777777777778
