1 0.5705729166666667 0.5240740740740741 0.03802083333333333 0.09074074074074075
1 0.49609375 0.8537037037037037 0.019270833333333334 0.07962962962962963
1 0.33098958333333334 0.24120370370370373 0.1578125 0.11388888888888889
1 0.17630208333333333 0.34074074074074073 0.0421875 0.02962962962962963
1 0.44765625 0.3092592592592593 0.0546875 0.04259259259259259
1 0.4705729166666667 0.33055555555555555 0.0067708333333333336 0.007407407407407408
1 0.4669270833333333 0.14814814814814814 0.057812499999999996 0.03888888888888889
1 0.6442708333333333 0.24814814814814815 0.013541666666666667 0.012962962962962964
1 0.7375 0.5699074074074074 0.078125 0.049074074074074076
1 0.77890625 0.6041666666666667 0.021354166666666667 0.025
1 0.6447916666666667 0.5078703703703704 0.026041666666666668 0.019444444444444445
1 0.709375 0.3148148148148148 0.029166666666666667 0.02777777777777778
1 0.6481770833333333 0.3652777777777778 0.011979166666666666 0.021296296296296296
1 0.6658854166666667 0.34814814814814815 0.0078125 0.009259259259259259
1 0.79140625 0.42638888888888893 0.024479166666666666 0.026851851851851852
1 0.8276041666666667 0.5462962962962963 0.03958333333333333 0.03333333333333333
1 0.78359375 0.48333333333333334 0.0109375 0.012962962962962964
1 0.825 0.45787037037037037 0.010416666666666666 0.01388888888888889
1 0.8841145833333334 0.4291666666666667 0.05677083333333333 0.03981481481481482
1 0.875 0.4759259259259259 0.009375 0.011111111111111112
1 0.5309895833333333 0.11944444444444445 0.0234375 0.024074074074074074
1 0.509375 0.2833333333333333 0.08645833333333333 0.03888888888888889
1 0.7479166666666667 0.9055555555555556 0.04583333333333333 0.07407407407407407
1 0.98125 0.5212962962962964 0.03333333333333333 0.04259259259259259
1 0.3927083333333333 0.12453703703703704 0.016666666666666666 0.012037037037037037
1 0.3848958333333333 0.15601851851851853 0.017708333333333333 0.012037037037037037
1 0.37135416666666665 0.10833333333333334 0.016666666666666666 0.011111111111111112
1 0.44140625 0.2657407407407408 0.0328125 0.03518518518518519
1 0.47421874999999997 0.07592592592592592 0.009895833333333333 0.009259259259259259
1 0.7533854166666667 0.3300925925925926 0.05260416666666667 0.15462962962962964
1 0.87578125 0.09166666666666667 0.019270833333333334 0.020370370370370372
1 0.90390625 0.1287037037037037 0.0078125 0.007407407407407408
1 0.9622395833333334 0.1175925925925926 0.009895833333333333 0.009259259259259259
1 0.9406249999999999 0.30833333333333335 0.007291666666666667 0.011111111111111112
1 0.20546875 0.2851851851851852 0.0296875 0.02777777777777778
1 0.16328125 0.23796296296296296 0.008854166666666666 0.012962962962962964
1 0.2916666666666667 0.07685185185185185 0.009375 0.007407407407407408
1 0.3052083333333333 0.08425925925925926 0.005208333333333333 0.007407407407407408
