1 0.8888020833333333 0.23287037037037037 0.011979166666666666 0.028703703703703703
1 0.3450520833333333 0.5652777777777778 0.4817708333333333 0.35462962962962963
1 0.25625 0.976388888888889 0.04375 0.04722222222222222
1 0.9434895833333333 0.9310185185185186 0.0421875 0.03796296296296296
1 0.013020833333333334 0.4689814814814815 0.01875 0.021296296296296296
1 0.6783854166666666 0.763888888888889 0.05260416666666667 0.061111111111111116
1 0.38359375 0.7898148148148149 0.06197916666666667 0.044444444444444446
1 0.35390625 0.8851851851851852 0.021354166666666667 0.020370370370370372
1 0.34479166666666666 0.9398148148148149 0.042708333333333334 0.02962962962962963
1 0.43984375 0.8819444444444445 0.11927083333333333 0.08611111111111111
1 0.6046875 0.675462962962963 0.01875 0.05648148148148149
1 0.6111979166666667 0.2865740740740741 0.15260416666666665 0.09537037037037037
1 0.7567708333333333 0.7106481481481481 0.026041666666666668 0.025
