1 0.07526041666666666 0.047685185185185185 0.0296875 0.030555555555555558
1 0.22786458333333334 0.5611111111111111 0.04635416666666667 0.0462962962962963
1 0.16380208333333332 0.6870370370370371 0.03697916666666667 0.06296296296296297
1 0.22239583333333332 0.8583333333333334 0.03333333333333333 0.061111111111111116
1 0.2703125 0.7736111111111111 0.025 0.075
1 0.39765625 0.4935185185185185 0.29322916666666665 0.47962962962962963
1 0.48046875 0.8138888888888889 0.1328125 0.15555555555555556
1 0.5971354166666667 0.8819444444444445 0.05364583333333333 0.0787037037037037
1 0.6994791666666667 0.8666666666666667 0.10416666666666667 0.20185185185185187
1 0.8481770833333333 0.7157407407407408 0.0859375 0.09074074074074075
1 0.90390625 0.8287037037037037 0.024479166666666666 0.06296296296296297
1 0.9309895833333334 0.9518518518518518 0.1171875 0.0962962962962963
1 0.6182291666666666 0.6194444444444445 0.13854166666666667 0.26296296296296295
1 0.7453125 0.687962962962963 0.07916666666666666 0.12407407407407407
1 0.7544270833333333 0.9805555555555556 0.05364583333333333 0.03888888888888889
