1 0.38125 0.4990740740740741 0.0375 0.04814814814814815
1 0.38619791666666664 0.5675925925925926 0.030729166666666665 0.04259259259259259
1 0.3190104166666667 0.899537037037037 0.09322916666666667 0.20092592592592592
1 0.24921875 0.7768518518518519 0.07447916666666667 0.1574074074074074
1 0.20885416666666667 0.9518518518518518 0.04583333333333333 0.0962962962962963
1 0.09296875 0.8953703703703704 0.09322916666666667 0.08888888888888889
1 0.09869791666666666 0.4300925925925926 0.0984375 0.17685185185185187
1 0.5119791666666667 0.7768518518518519 0.04791666666666666 0.11111111111111112
1 0.6138020833333333 0.8731481481481482 0.04114583333333333 0.07777777777777778
1 0.6890625 0.8671296296296297 0.07291666666666667 0.06574074074074074
1 0.7013020833333333 0.9518518518518518 0.06302083333333333 0.0962962962962963
1 0.8981770833333333 0.6643518518518519 0.0390625 0.058333333333333334
1 0.9296875 0.7657407407407407 0.09583333333333333 0.12407407407407407
1 0.9747395833333333 0.9189814814814815 0.050520833333333334 0.10092592592592593
1 0.6994791666666667 0.5652777777777778 0.078125 0.10092592592592593
1 0.7203125 0.7189814814814816 0.041666666666666664 0.08055555555555556
1 0.7807291666666667 0.8208333333333334 0.04791666666666666 0.08611111111111111
1 0.4145833333333333 0.9319444444444445 0.04479166666666667 0.10092592592592593
1 0.4895833333333333 0.9805555555555556 0.03229166666666666 0.03888888888888889
1 0.32265625 0.32083333333333336 0.08177083333333333 0.08796296296296297
1 0.8742187499999999 0.2337962962962963 0.03177083333333333 0.05277777777777778
1 0.79140625 0.1912037037037037 0.033854166666666664 0.03796296296296296
1 0.62109375 0.9657407407407408 0.0390625 0.06851851851851852
