0 0.9145833333333333 0.8805555555555555 0.03229166666666666 0.06296296296296297
1 0.6963541666666666 0.9171296296296296 0.06145833333333333 0.09722222222222222
1 0.56640625 0.7694444444444445 0.03697916666666667 0.037037037037037035
1 0.9096354166666667 0.6694444444444445 0.18072916666666666 0.16296296296296298
1 0.94140625 0.8319444444444445 0.1171875 0.15462962962962964
1 0.8380208333333333 0.8064814814814815 0.035416666666666666 0.03518518518518519
1 0.7450520833333333 0.7138888888888889 0.04635416666666667 0.08148148148148149
1 0.6877604166666667 0.7074074074074075 0.0421875 0.06481481481481481
1 0.3296875 0.7199074074074074 0.015625 0.02314814814814815
1 0.91875 0.525462962962963 0.01875 0.025
1 0.6528645833333333 0.5615740740740741 0.0203125 0.025
1 0.7317708333333334 0.6078703703703704 0.022916666666666665 0.015740740740740743
1 0.6708333333333333 0.5856481481481481 0.017708333333333333 0.017592592592592594
1 0.7971354166666667 0.5537037037037037 0.0109375 0.0462962962962963
1 0.8979166666666667 0.35833333333333334 0.016666666666666666 0.020370370370370372
