1 0.2903645833333333 0.4115740740740741 0.26510416666666664 0.18055555555555555
1 0.08177083333333333 0.46342592592592596 0.042708333333333334 0.04351851851851852
1 0.06796875 0.5189814814814815 0.0390625 0.03796296296296296
1 0.49505208333333334 0.4444444444444445 0.1421875 0.11111111111111112
1 0.4942708333333333 0.18055555555555555 0.053125 0.05
1 0.3325520833333333 0.250462962962963 0.04114583333333333 0.010185185185185186
1 0.3359375 0.19675925925925927 0.026041666666666668 0.025
1 0.031510416666666666 0.37083333333333335 0.03177083333333333 0.032407407407407406
1 0.13932291666666666 0.3416666666666667 0.022395833333333334 0.022222222222222223
1 0.6377604166666666 0.37083333333333335 0.01614583333333333 0.01388888888888889
1 0.6927083333333334 0.5263888888888889 0.03229166666666666 0.03425925925925926
1 0.63515625 0.5055555555555555 0.0140625 0.018518518518518517
1 0.6484375 0.5587962962962963 0.030208333333333334 0.019444444444444445
1 0.5598958333333334 0.8388888888888889 0.04791666666666666 0.12222222222222223
1 0.6994791666666667 0.737037037037037 0.04479166666666667 0.044444444444444446
1 0.7770833333333333 0.4939814814814815 0.121875 0.12685185185185185
1 0.8385416666666666 0.674074074074074 0.036458333333333336 0.031481481481481485
1 0.79296875 0.9175925925925926 0.09010416666666667 0.10370370370370371
1 0.9481770833333333 0.9157407407407407 0.030729166666666665 0.04814814814814815
1 0.6682291666666667 0.8745370370370371 0.036458333333333336 0.04537037037037037
1 0.82421875 0.5967592592592593 0.030729166666666665 0.06759259259259259
1 0.96953125 0.6861111111111111 0.0609375 0.08148148148148149
1 0.859375 0.7615740740740741 0.013541666666666667 0.017592592592592594
1 0.9182291666666667 0.7171296296296297 0.014583333333333334 0.02314814814814815
1 0.7721354166666666 0.6787037037037037 0.009895833333333333 0.016666666666666666
1 0.8927083333333333 0.15231481481481482 0.019791666666666666 0.02314814814814815
