1 0.903125 0.8217592592592593 0.040625 0.03796296296296296
1 0.32109375 0.5226851851851853 0.42343749999999997 0.3027777777777778
1 0.2552083333333333 0.8773148148148149 0.026041666666666668 0.05277777777777778
1 0.3494791666666667 0.7986111111111112 0.03854166666666667 0.08055555555555556
1 0.6473958333333333 0.6689814814814815 0.029166666666666667 0.03425925925925926
1 0.5557291666666666 0.6087962962962963 0.025 0.05092592592592593
1 0.39010416666666664 0.7027777777777778 0.058333333333333334 0.031481481481481485
1 0.43046875 0.7787037037037038 0.057812499999999996 0.05185185185185186
1 0.49374999999999997 0.7537037037037038 0.022916666666666665 0.020370370370370372
1 0.8513020833333333 0.2175925925925926 0.0140625 0.016666666666666666
