1 0.5494791666666666 0.9337962962962963 0.05416666666666667 0.13055555555555556
1 0.3497395833333333 0.6175925925925926 0.024479166666666666 0.03333333333333333
1 0.14375 0.9546296296296297 0.036458333333333336 0.06666666666666667
1 0.18411458333333333 0.9643518518518519 0.033854166666666664 0.06574074074074074
1 0.15989583333333332 0.5412037037037037 0.026041666666666668 0.036111111111111115
1 0.11588541666666667 0.3462962962962963 0.0328125 0.037037037037037035
1 0.5924479166666666 0.5087962962962963 0.022395833333333334 0.03425925925925926
1 0.7364583333333333 0.9634259259259259 0.07395833333333333 0.07314814814814816
1 0.7119791666666666 0.8935185185185186 0.034375 0.04259259259259259
1 0.1859375 0.45555555555555555 0.020833333333333332 0.0462962962962963
1 0.8463541666666666 0.8449074074074074 0.03125 0.05092592592592593
1 0.8684895833333334 0.7856481481481482 0.0203125 0.03981481481481482
1 0.40729166666666666 0.49259259259259264 0.016666666666666666 0.014814814814814815
1 0.43255208333333334 0.925462962962963 0.0484375 0.08055555555555556
1 0.3263020833333333 0.9541666666666667 0.04114583333333333 0.09166666666666667
1 0.26171875 0.9865740740740742 0.03802083333333333 0.025
1 0.4770833333333333 0.7976851851851852 0.030208333333333334 0.036111111111111115
1 0.029166666666666667 0.8208333333333334 0.057291666666666664 0.06018518518518519
1 0.2955729166666667 0.3800925925925926 0.059895833333333336 0.06018518518518519
