0 0.21432291666666667 0.5027777777777778 0.0359375 0.07777777777777778
0 0.17239583333333333 0.4439814814814815 0.034375 0.09907407407407408
0 0.7104166666666667 0.5351851851851852 0.04479166666666667 0.061111111111111116
0 0.6830729166666667 0.38333333333333336 0.0515625 0.04814814814814815
0 0.9104166666666667 0.3148148148148148 0.052083333333333336 0.053703703703703705
0 0.6552083333333333 0.2689814814814815 0.04583333333333333 0.05092592592592593
0 0.53984375 0.2865740740740741 0.049479166666666664 0.05277777777777778
0 0.27291666666666664 0.15324074074074073 0.03854166666666667 0.05462962962962963
0 0.3611979166666667 0.10462962962962963 0.0453125 0.05555555555555556
0 0.5919270833333333 0.14351851851851852 0.0359375 0.04814814814814815
0 0.6703125 0.19814814814814816 0.026041666666666668 0.061111111111111116
