1 0.34322916666666664 0.6652777777777779 0.31979166666666664 0.3101851851851852
1 0.1125 0.7152777777777778 0.07395833333333333 0.11574074074074074
1 0.45 0.34861111111111115 0.042708333333333334 0.04722222222222222
1 0.08723958333333333 0.5949074074074074 0.07447916666666667 0.05462962962962963
1 0.5411458333333333 0.26944444444444443 0.0375 0.03518518518518519
1 0.5802083333333333 0.6398148148148148 0.15625 0.1537037037037037
1 0.8364583333333333 0.6842592592592592 0.11041666666666666 0.1
1 0.8513020833333333 0.5601851851851852 0.049479166666666664 0.06851851851851852
1 0.9372395833333333 0.7000000000000001 0.10052083333333334 0.19814814814814816
1 0.9835937499999999 0.9606481481481481 0.0328125 0.04166666666666667
1 0.011197916666666667 0.8125 0.0203125 0.0787037037037037
1 0.7080729166666666 0.5203703703703704 0.021354166666666667 0.02777777777777778
1 0.3658854166666667 0.3990740740740741 0.0328125 0.020370370370370372
1 0.6963541666666666 0.40601851851851856 0.035416666666666666 0.05277777777777778
1 0.5653645833333333 0.46435185185185185 0.024479166666666666 0.03796296296296296
