1 0.18515625 0.2791666666666667 0.03697916666666667 0.10833333333333334
1 0.2747395833333333 0.20833333333333334 0.0734375 0.06481481481481481
1 0.29609375 0.40092592592592596 0.16614583333333333 0.2351851851851852
1 0.16145833333333334 0.425462962962963 0.1125 0.09537037037037037
1 0.04479166666666667 0.3527777777777778 0.0875 0.17222222222222222
1 0.02578125 0.913888888888889 0.050520833333333334 0.13703703703703704
1 0.30052083333333335 0.7050925925925926 0.09479166666666666 0.19907407407407407
1 0.315625 0.8939814814814815 0.09895833333333333 0.21203703703703705
1 0.48411458333333335 0.6027777777777777 0.030729166666666665 0.0462962962962963
1 0.45807291666666666 0.4273148148148148 0.0453125 0.0787037037037037
1 0.40598958333333335 0.32222222222222224 0.0453125 0.07777777777777778
1 0.68203125 0.09537037037037037 0.03802083333333333 0.07777777777777778
1 0.7276041666666666 0.10277777777777779 0.03229166666666666 0.07592592592592592
1 0.15546875 0.9680555555555556 0.08177083333333333 0.0638888888888889
