0 0.49947916666666664 0.5680555555555555 0.014583333333333334 0.03981481481481482
0 0.24140625 0.7810185185185186 0.0421875 0.03981481481481482
0 0.41796875 0.6875 0.0328125 0.03796296296296296
0 0.98828125 0.6467592592592593 0.0234375 0.036111111111111115
0 0.7971354166666667 0.7000000000000001 0.04114583333333333 0.05555555555555556
0 0.7565104166666666 0.6819444444444445 0.021354166666666667 0.049074074074074076
0 0.79140625 0.8347222222222223 0.0296875 0.05092592592592593
0 0.7244791666666667 0.8685185185185186 0.04479166666666667 0.0462962962962963
0 0.49947916666666664 0.85 0.035416666666666666 0.044444444444444446
0 0.5440104166666666 0.7810185185185186 0.044270833333333336 0.04351851851851852
0 0.4283854166666667 0.8268518518518518 0.0234375 0.044444444444444446
0 0.43072916666666666 0.7416666666666667 0.042708333333333334 0.0462962962962963
0 0.4440104166666667 0.788425925925926 0.0359375 0.03796296296296296
