1 0.36822916666666666 0.8638888888888889 0.08958333333333333 0.10555555555555556
0 0.5705729166666667 0.6486111111111111 0.0265625 0.036111111111111115
1 0.56953125 0.6078703703703704 0.05364583333333333 0.06018518518518519
1 0.615625 0.6300925925925926 0.05625 0.07685185185185185
1 0.40729166666666666 0.6981481481481482 0.040625 0.09074074074074075
1 0.45468749999999997 0.5694444444444444 0.036458333333333336 0.05555555555555556
1 0.28854166666666664 0.6013888888888889 0.035416666666666666 0.03425925925925926
1 0.3763020833333333 0.5736111111111112 0.050520833333333334 0.058333333333333334
1 0.621875 0.5185185185185185 0.20208333333333334 0.17407407407407408
1 0.77734375 0.6615740740740741 0.1296875 0.1212962962962963
1 0.88828125 0.33842592592592596 0.03802083333333333 0.04537037037037037
1 0.7 0.3092592592592593 0.030208333333333334 0.02777777777777778
1 0.5984375 0.4087962962962963 0.013541666666666667 0.012037037037037037
1 0.4166666666666667 0.4800925925925926 0.019791666666666666 0.015740740740740743
1 0.37057291666666664 0.4615740740740741 0.018229166666666668 0.010185185185185186
1 0.86171875 0.750462962962963 0.018229166666666668 0.021296296296296296
1 0.7453125 0.2574074074074074 0.013541666666666667 0.011111111111111112
1 0.8260416666666667 0.2439814814814815 0.026041666666666668 0.017592592592592594
1 0.8106770833333333 0.36574074074074076 0.04739583333333333 0.03333333333333333
1 0.6989583333333333 0.37962962962962965 0.021875 0.03518518518518519
1 0.6067708333333334 0.2657407407407408 0.013541666666666667 0.011111111111111112
