1 0.525 0.6736111111111112 0.04583333333333333 0.125
1 0.1125 0.37453703703703706 0.042708333333333334 0.036111111111111115
1 0.26927083333333335 0.33194444444444443 0.17395833333333333 0.08796296296296297
1 0.3880208333333333 0.3791666666666667 0.06041666666666667 0.06574074074074074
1 0.4505208333333333 0.33796296296296297 0.084375 0.04259259259259259
1 0.09192708333333333 0.4310185185185185 0.04635416666666667 0.03796296296296296
1 0.5947916666666666 0.6736111111111112 0.03854166666666667 0.026851851851851852
1 0.6908854166666667 0.737962962962963 0.06302083333333333 0.05555555555555556
1 0.7513020833333334 0.7708333333333334 0.04635416666666667 0.11574074074074074
1 0.6276041666666666 0.5791666666666667 0.035416666666666666 0.032407407407407406
1 0.709375 0.32453703703703707 0.035416666666666666 0.049074074074074076
1 0.7296875 0.437962962962963 0.071875 0.16666666666666669
1 0.7645833333333333 0.5476851851851852 0.028125 0.03981481481481482
1 0.6197916666666666 0.4273148148148148 0.0625 0.03981481481481482
1 0.6776041666666667 0.39166666666666666 0.034375 0.061111111111111116
1 0.6036458333333333 0.2972222222222222 0.016666666666666666 0.014814814814814815
1 0.49140625 0.1328703703703704 0.030729166666666665 0.026851851851851852
1 0.8567708333333334 0.11944444444444445 0.017708333333333333 0.02592592592592593
1 0.85703125 0.5662037037037038 0.09427083333333333 0.06944444444444445
1 0.41015625 0.1736111111111111 0.044270833333333336 0.04166666666666667
1 0.33489583333333334 0.19814814814814816 0.04479166666666667 0.022222222222222223
1 0.2328125 0.24953703703703706 0.029166666666666667 0.015740740740740743
1 0.30026041666666664 0.23425925925925928 0.008854166666666666 0.009259259259259259
1 0.01328125 0.28564814814814815 0.019270833333333334 0.01388888888888889
1 0.98984375 0.701388888888889 0.0171875 0.05092592592592593
1 0.8182291666666667 0.7476851851851852 0.040625 0.09537037037037037
