1 0.32317708333333334 0.8740740740740741 0.4140625 0.2518518518518519
1 0.013802083333333333 0.7620370370370371 0.0265625 0.07037037037037037
1 0.4122395833333333 0.48750000000000004 0.05677083333333333 0.09166666666666667
1 0.6955729166666667 0.7861111111111111 0.03177083333333333 0.06296296296296297
1 0.5997395833333333 0.6652777777777779 0.022395833333333334 0.026851851851851852
1 0.9783854166666667 0.9726851851851852 0.043229166666666666 0.05277777777777778
1 0.7653645833333333 0.7393518518518519 0.03697916666666667 0.05648148148148149
1 0.8002604166666667 0.8671296296296297 0.08072916666666667 0.16574074074074074
1 0.5533854166666666 0.41944444444444445 0.027604166666666666 0.04814814814814815
1 0.33489583333333334 0.5750000000000001 0.052083333333333336 0.05185185185185186
1 0.25494791666666666 0.5583333333333333 0.0984375 0.23333333333333334
1 0.7174479166666666 0.6875 0.0328125 0.05462962962962963
1 0.68671875 0.14120370370370372 0.030729166666666665 0.02314814814814815
